%!PS-Adobe-3.0 EPSF-3.0
%%BoundingBox: 0 0 500 500
0.1 setlinewidth

208.000000 0.000000 moveto
269.865535 56.136603 269.865535 56.136603 208.000000 0.000000 curveto

276.000000 0.000000 moveto
412.011154 -0.240921 456.011154 77.092412 408.000000 232.000000 curveto
373.056548 245.645478 350.389882 234.978811 340.000000 200.000000 curveto
309.809426 243.766081 308.142759 236.099415 335.000000 177.000000 curveto
307.509679 212.898549 305.843013 207.565216 330.000000 161.000000 curveto
337.715382 215.914851 363.715382 237.914851 408.000000 227.000000 curveto
431.755533 209.825337 440.422199 182.492003 434.000000 145.000000 curveto
376.659760 85.009071 323.659760 105.675737 275.000000 207.000000 curveto
292.550300 164.407186 308.883633 129.740520 324.000000 103.000000 curveto
298.954569 85.871667 255.287902 84.538334 193.000000 99.000000 curveto
213.824953 143.201492 235.824953 149.201492 259.000000 117.000000 curveto
224.961498 184.047316 229.961498 189.047316 274.000000 132.000000 curveto
260.584729 140.361682 257.584729 132.361682 265.000000 108.000000 curveto
272.829691 188.863207 253.829691 207.196540 208.000000 163.000000 curveto
207.853090 218.159229 253.186423 248.492562 344.000000 254.000000 curveto
327.709119 259.521327 313.375785 253.854660 301.000000 237.000000 curveto
319.583786 284.885653 319.250452 286.218986 300.000000 241.000000 curveto
294.120748 310.040783 280.787415 394.707449 260.000000 495.000000 curveto
229.415399 414.756885 234.748733 336.090218 276.000000 259.000000 curveto
269.772157 298.080733 257.772157 350.080733 240.000000 415.000000 curveto
253.226927 394.893596 263.893594 372.226929 272.000000 347.000000 curveto
244.872824 396.574053 240.206157 444.907387 258.000000 492.000000 curveto
281.620616 405.999942 290.620616 324.666609 285.000000 248.000000 curveto
258.068836 269.681024 243.735503 305.681024 242.000000 356.000000 curveto
262.113273 298.933910 255.446606 258.600577 222.000000 235.000000 curveto
201.036641 342.189906 155.703308 428.523239 86.000000 494.000000 curveto
94.615646 371.525177 135.282313 255.858511 208.000000 147.000000 curveto
143.890397 120.452726 147.557064 86.452726 219.000000 45.000000 curveto
209.136300 55.023744 227.469633 60.023744 274.000000 60.000000 curveto
284.078482 39.102418 284.745149 19.102418 276.000000 0.000000 curveto

317.000000 6.000000 moveto
297.653609 20.444996 297.653609 20.444996 317.000000 6.000000 curveto

314.000000 13.000000 moveto
270.418726 64.263113 284.085393 91.596446 355.000000 95.000000 curveto
330.820688 76.323226 317.154022 48.989892 314.000000 13.000000 curveto

317.000000 29.000000 moveto
347.294906 36.194023 363.628239 57.194023 366.000000 92.000000 curveto
396.307855 45.359250 379.974521 24.359250 317.000000 29.000000 curveto

208.000000 52.000000 moveto
155.039365 98.987282 157.706032 129.320615 216.000000 143.000000 curveto
188.593386 101.907691 203.926720 75.574357 262.000000 64.000000 curveto
211.921192 67.154273 193.921192 63.154273 208.000000 52.000000 curveto

393.000000 52.000000 moveto
394.066682 50.933335 394.066682 50.933335 393.000000 52.000000 curveto

394.000000 54.000000 moveto
416.843122 105.677040 416.843122 105.677040 394.000000 54.000000 curveto

226.000000 89.000000 moveto
213.736317 105.027012 213.736317 105.027012 226.000000 89.000000 curveto

356.000000 91.000000 moveto
363.429576 90.081742 363.429576 90.081742 356.000000 91.000000 curveto

225.000000 93.000000 moveto
226.066676 91.933337 226.066676 91.933337 225.000000 93.000000 curveto

239.000000 97.000000 moveto
233.093076 110.754642 237.759743 113.421309 253.000000 105.000000 curveto
198.961100 126.642910 194.294434 123.976244 239.000000 97.000000 curveto

256.000000 114.000000 moveto
251.819916 122.831170 251.819916 122.831170 256.000000 114.000000 curveto

175.000000 136.000000 moveto
176.066674 134.933339 176.066674 134.933339 175.000000 136.000000 curveto

339.000000 142.000000 moveto
345.257454 172.799941 345.257454 172.799941 339.000000 142.000000 curveto

318.000000 144.000000 moveto
277.568239 205.794266 277.568239 205.794266 318.000000 144.000000 curveto

294.000000 146.000000 moveto
281.786328 153.711661 281.786328 153.711661 294.000000 146.000000 curveto

345.000000 159.000000 moveto
353.847624 189.158811 353.847624 189.158811 345.000000 159.000000 curveto

297.000000 167.000000 moveto
288.757212 169.954044 288.757212 169.954044 297.000000 167.000000 curveto

327.000000 172.000000 moveto
322.917044 175.081485 322.917044 175.081485 327.000000 172.000000 curveto

332.000000 173.000000 moveto
313.289353 201.256875 313.289353 201.256875 332.000000 173.000000 curveto

265.000000 181.000000 moveto
269.732869 250.423721 269.732869 250.423721 265.000000 181.000000 curveto

211.000000 189.000000 moveto
211.875353 205.965672 211.875353 205.965672 211.000000 189.000000 curveto

336.000000 196.000000 moveto
331.207247 194.419982 331.207247 194.419982 336.000000 196.000000 curveto

219.000000 200.000000 moveto
203.928633 183.448272 183.595300 197.448272 158.000000 242.000000 curveto
185.272293 229.933448 171.605626 259.266781 117.000000 330.000000 curveto
145.841213 309.940964 143.507880 330.940964 110.000000 393.000000 curveto
159.398697 358.031467 191.398697 308.031467 206.000000 243.000000 curveto
154.802080 325.068795 117.802080 409.068795 95.000000 495.000000 curveto
162.845928 405.646278 204.179262 307.312944 219.000000 200.000000 curveto

184.000000 201.000000 moveto
185.658782 195.706529 185.658782 195.706529 184.000000 201.000000 curveto

212.000000 201.000000 moveto
210.767412 194.914078 210.767412 194.914078 212.000000 201.000000 curveto

166.000000 245.000000 moveto
133.171340 285.518598 133.171340 285.518598 166.000000 245.000000 curveto

190.000000 260.000000 moveto
147.086895 320.773103 147.086895 320.773103 190.000000 260.000000 curveto

286.000000 275.000000 moveto
288.840743 334.553867 288.840743 334.553867 286.000000 275.000000 curveto

128.000000 379.000000 moveto
124.994786 382.005229 124.994786 382.005229 128.000000 379.000000 curveto

123.000000 385.000000 moveto
124.066672 383.933349 124.066672 383.933349 123.000000 385.000000 curveto
fill
showpage