%!PS-Adobe-3.0 EPSF-3.0
%%BoundingBox: 0 0 500 500
0.1 setlinewidth

126.000000 25.000000 moveto
138.000006 25.000001 150.000006 25.000001 162.000000 25.000000 curveto
162.000000 25.333333 162.000000 25.666667 162.000000 26.000000 curveto
170.425189 26.241482 177.425189 27.908149 183.000000 31.000000 curveto
184.000000 31.000000 185.000000 31.000000 186.000000 31.000000 curveto
213.650885 44.349108 233.984218 65.015775 247.000000 93.000000 curveto
269.974812 80.641478 293.308146 68.641478 317.000000 57.000000 curveto
318.000000 57.000000 319.000000 57.000000 320.000000 57.000000 curveto
322.000013 55.666669 324.000013 54.333336 326.000000 53.000000 curveto
328.666680 52.333335 331.333346 51.666669 334.000000 51.000000 curveto
334.666680 50.333335 335.333347 49.666669 336.000000 49.000000 curveto
337.000000 49.000000 338.000000 49.000000 339.000000 49.000000 curveto
339.666680 48.333335 340.333347 47.666669 341.000000 47.000000 curveto
342.000000 47.000000 343.000000 47.000000 344.000000 47.000000 curveto
344.666680 46.333335 345.333347 45.666668 346.000000 45.000000 curveto
353.999979 42.666664 361.999979 40.333331 370.000000 38.000000 curveto
370.000000 37.666667 370.000000 37.333333 370.000000 37.000000 curveto
376.871182 36.204543 382.871182 34.537876 388.000000 32.000000 curveto
395.291635 31.624998 401.624968 30.291664 407.000000 28.000000 curveto
409.666691 28.000002 412.333358 28.000002 415.000000 28.000000 curveto
415.000000 27.666667 415.000000 27.333333 415.000000 27.000000 curveto
427.875589 25.542211 441.542255 24.875544 456.000000 25.000000 curveto
463.034830 27.965145 468.701497 32.298478 473.000000 38.000000 curveto
472.791667 40.541667 473.458333 42.208333 475.000000 43.000000 curveto
474.999981 47.333331 474.999981 51.666665 475.000000 56.000000 curveto
472.467911 61.801277 469.134578 66.801277 465.000000 71.000000 curveto
461.829892 71.829846 459.163225 73.163179 457.000000 75.000000 curveto
442.901305 75.567961 429.234638 76.567961 416.000000 78.000000 curveto
416.000000 78.333333 416.000000 78.666667 416.000000 79.000000 curveto
406.439559 79.772912 398.106226 81.772912 391.000000 85.000000 curveto
389.666682 85.000003 388.333349 85.000003 387.000000 85.000000 curveto
387.000000 85.333333 387.000000 85.666667 387.000000 86.000000 curveto
385.666682 86.000003 384.333349 86.000003 383.000000 86.000000 curveto
373.536890 90.203568 363.536890 93.870234 353.000000 97.000000 curveto
352.333347 97.666671 351.666681 98.333337 351.000000 99.000000 curveto
350.000000 99.000000 349.000000 99.000000 348.000000 99.000000 curveto
347.333347 99.666671 346.666680 100.333337 346.000000 101.000000 curveto
345.000000 101.000000 344.000000 101.000000 343.000000 101.000000 curveto
334.535036 105.201676 326.201703 109.535009 318.000000 114.000000 curveto
317.000000 114.000000 316.000000 114.000000 315.000000 114.000000 curveto
305.432968 120.099636 295.099635 125.432970 284.000000 130.000000 curveto
283.666667 130.666667 283.333333 131.333333 283.000000 132.000000 curveto
279.666680 133.333340 276.333347 134.666673 273.000000 136.000000 curveto
272.666667 136.666667 272.333333 137.333333 272.000000 138.000000 curveto
269.333344 139.000006 266.666677 140.000006 264.000000 141.000000 curveto
270.031476 166.968473 273.698142 195.301806 275.000000 226.000000 curveto
277.523843 226.523836 279.190509 226.190503 280.000000 225.000000 curveto
301.381207 224.618777 321.714540 225.285444 341.000000 227.000000 curveto
341.000000 227.333333 341.000000 227.666667 341.000000 228.000000 curveto
344.999986 228.333324 348.999986 228.666658 353.000000 229.000000 curveto
353.000000 229.333333 353.000000 229.666667 353.000000 230.000000 curveto
354.666667 230.000000 356.333333 230.000000 358.000000 230.000000 curveto
358.000000 230.333333 358.000000 230.666667 358.000000 231.000000 curveto
363.333319 231.999991 368.666652 232.999991 374.000000 234.000000 curveto
374.000000 234.333333 374.000000 234.666667 374.000000 235.000000 curveto
405.366533 244.300146 430.699867 259.633479 450.000000 281.000000 curveto
450.000000 281.666667 450.000000 282.333333 450.000000 283.000000 curveto
459.310383 292.356310 465.977049 304.356310 470.000000 319.000000 curveto
470.333333 319.000000 470.666667 319.000000 471.000000 319.000000 curveto
471.000019 320.333346 471.000019 321.666679 471.000000 323.000000 curveto
471.666667 324.000000 472.333333 325.000000 473.000000 326.000000 curveto
474.641681 337.358344 475.308347 349.691677 475.000000 363.000000 curveto
474.666667 363.000000 474.333333 363.000000 474.000000 363.000000 curveto
474.000057 365.000044 474.000057 367.000044 474.000000 369.000000 curveto
473.666667 369.000000 473.333333 369.000000 473.000000 369.000000 curveto
473.000000 370.666667 473.000000 372.333333 473.000000 374.000000 curveto
472.666667 374.000000 472.333333 374.000000 472.000000 374.000000 curveto
472.000019 375.333348 472.000019 376.666682 472.000000 378.000000 curveto
471.666667 378.000000 471.333333 378.000000 471.000000 378.000000 curveto
470.539711 380.206372 470.206377 382.539705 470.000000 385.000000 curveto
466.047423 392.714084 462.380756 400.714084 459.000000 409.000000 curveto
458.333333 409.333333 457.666667 409.666667 457.000000 410.000000 curveto
457.000000 410.666667 457.000000 411.333333 457.000000 412.000000 curveto
456.333333 412.333333 455.666667 412.666667 455.000000 413.000000 curveto
453.666721 415.666716 452.333387 418.333383 451.000000 421.000000 curveto
450.000000 421.666667 449.000000 422.333333 448.000000 423.000000 curveto
448.000000 423.666667 448.000000 424.333333 448.000000 425.000000 curveto
446.000018 426.666684 444.000018 428.333350 442.000000 430.000000 curveto
442.000000 430.666667 442.000000 431.333333 442.000000 432.000000 curveto
428.457064 445.457060 412.790397 456.790394 395.000000 466.000000 curveto
394.000000 466.000000 393.000000 466.000000 392.000000 466.000000 curveto
390.666667 467.000000 389.333333 468.000000 388.000000 469.000000 curveto
385.793674 469.460345 383.460340 469.793679 381.000000 470.000000 curveto
381.000000 470.333333 381.000000 470.666667 381.000000 471.000000 curveto
368.334155 474.334141 353.667489 475.667474 337.000000 475.000000 curveto
337.000000 474.666667 337.000000 474.333333 337.000000 474.000000 curveto
323.612413 472.720944 312.612413 469.054278 304.000000 463.000000 curveto
302.000018 462.333361 300.000018 461.666694 298.000000 461.000000 curveto
297.333333 460.000000 296.666667 459.000000 296.000000 458.000000 curveto
295.333333 458.000000 294.666667 458.000000 294.000000 458.000000 curveto
286.874932 451.791760 279.874932 445.458427 273.000000 439.000000 curveto
273.000000 438.333333 273.000000 437.666667 273.000000 437.000000 curveto
271.333333 435.666667 269.666667 434.333333 268.000000 433.000000 curveto
268.000000 432.333333 268.000000 431.666667 268.000000 431.000000 curveto
264.666646 426.666633 261.333312 422.333300 258.000000 418.000000 curveto
239.017876 381.982124 228.351210 337.648790 226.000000 285.000000 curveto
181.261749 297.928405 144.928416 319.261738 117.000000 349.000000 curveto
117.000000 349.666667 117.000000 350.333333 117.000000 351.000000 curveto
114.666662 352.999986 112.333329 354.999986 110.000000 357.000000 curveto
110.000000 357.666667 110.000000 358.333333 110.000000 359.000000 curveto
105.748409 362.748417 102.415076 367.415083 100.000000 373.000000 curveto
99.333333 373.333333 98.666667 373.666667 98.000000 374.000000 curveto
95.999996 378.333318 93.999996 382.666652 92.000000 387.000000 curveto
91.333333 387.333333 90.666667 387.666667 90.000000 388.000000 curveto
88.999996 391.333318 87.999996 394.666651 87.000000 398.000000 curveto
86.000000 399.333333 85.000000 400.666667 84.000000 402.000000 curveto
83.165511 405.165550 82.498844 408.498883 82.000000 412.000000 curveto
77.617692 421.617667 75.617692 433.617667 76.000000 448.000000 curveto
74.766667 449.766667 74.433333 452.433333 75.000000 456.000000 curveto
73.571433 457.238123 72.904766 459.238123 73.000000 462.000000 curveto
72.333333 462.333333 71.666667 462.666667 71.000000 463.000000 curveto
66.977633 471.977646 57.977633 475.977646 44.000000 475.000000 curveto
36.965145 472.034830 31.298478 467.701497 27.000000 462.000000 curveto
26.666667 460.000000 26.333333 458.000000 26.000000 456.000000 curveto
25.666667 456.000000 25.333333 456.000000 25.000000 456.000000 curveto
24.933972 437.267320 26.600639 420.267320 30.000000 405.000000 curveto
30.333333 405.000000 30.666667 405.000000 31.000000 405.000000 curveto
31.000001 403.666683 31.000001 402.333349 31.000000 401.000000 curveto
31.333333 401.000000 31.666667 401.000000 32.000000 401.000000 curveto
33.433582 395.766894 34.766915 390.433561 36.000000 385.000000 curveto
40.474018 376.807390 44.474018 368.140724 48.000000 359.000000 curveto
48.666667 358.666667 49.333333 358.333333 50.000000 358.000000 curveto
50.666670 356.000021 51.333336 354.000021 52.000000 352.000000 curveto
52.666667 351.666667 53.333333 351.333333 54.000000 351.000000 curveto
54.666670 349.000021 55.333337 347.000021 56.000000 345.000000 curveto
57.000000 344.333333 58.000000 343.666667 59.000000 343.000000 curveto
61.415074 337.415082 64.748408 332.748416 69.000000 329.000000 curveto
69.000000 328.333333 69.000000 327.666667 69.000000 327.000000 curveto
70.666667 325.666667 72.333333 324.333333 74.000000 323.000000 curveto
74.000000 322.333333 74.000000 321.666667 74.000000 321.000000 curveto
76.333330 318.999987 78.666664 316.999987 81.000000 315.000000 curveto
81.000000 314.333333 81.000000 313.666667 81.000000 313.000000 curveto
86.167308 308.833983 90.833975 304.167316 95.000000 299.000000 curveto
95.666667 299.000000 96.333333 299.000000 97.000000 299.000000 curveto
99.333327 296.333316 101.666661 293.666649 104.000000 291.000000 curveto
104.666667 291.000000 105.333333 291.000000 106.000000 291.000000 curveto
107.000000 289.666667 108.000000 288.333333 109.000000 287.000000 curveto
111.000000 286.000000 113.000000 285.000000 115.000000 284.000000 curveto
116.000000 282.666667 117.000000 281.333333 118.000000 280.000000 curveto
119.666667 279.333333 121.333333 278.666667 123.000000 278.000000 curveto
132.777242 269.777239 144.110575 263.110573 157.000000 258.000000 curveto
157.333333 257.333333 157.666667 256.666667 158.000000 256.000000 curveto
171.485635 249.818969 185.818968 244.485636 201.000000 240.000000 curveto
201.000000 239.666667 201.000000 239.333333 201.000000 239.000000 curveto
202.333341 239.000009 203.666675 239.000009 205.000000 239.000000 curveto
207.999992 237.666657 210.999992 236.333324 214.000000 235.000000 curveto
217.101019 234.767686 220.101019 234.434353 223.000000 234.000000 curveto
222.666667 233.000000 223.000000 232.666667 224.000000 233.000000 curveto
223.798726 218.867989 223.132059 205.201322 222.000000 192.000000 curveto
221.666667 192.000000 221.333333 192.000000 221.000000 192.000000 curveto
221.000013 189.333345 221.000013 186.666678 221.000000 184.000000 curveto
220.666667 184.000000 220.333333 184.000000 220.000000 184.000000 curveto
220.000000 181.666667 220.000000 179.333333 220.000000 177.000000 curveto
219.666667 177.000000 219.333333 177.000000 219.000000 177.000000 curveto
219.000026 175.000021 219.000026 173.000021 219.000000 171.000000 curveto
218.666667 171.000000 218.333333 171.000000 218.000000 171.000000 curveto
218.583333 168.750000 217.916667 167.750000 216.000000 168.000000 curveto
214.108333 169.108333 212.441667 170.441667 211.000000 172.000000 curveto
193.474281 180.474281 176.474281 189.474281 160.000000 199.000000 curveto
154.699994 200.033325 150.033327 201.699992 146.000000 204.000000 curveto
134.191999 206.109451 121.858666 206.442784 109.000000 205.000000 curveto
109.000000 204.666667 109.000000 204.333333 109.000000 204.000000 curveto
107.666671 204.000008 106.333338 204.000008 105.000000 204.000000 curveto
97.731244 200.935405 90.397911 197.935405 83.000000 195.000000 curveto
82.666667 194.333333 82.333333 193.666667 82.000000 193.000000 curveto
80.666667 192.666667 79.333333 192.333333 78.000000 192.000000 curveto
77.666667 191.333333 77.333333 190.666667 77.000000 190.000000 curveto
76.333333 190.000000 75.666667 190.000000 75.000000 190.000000 curveto
74.333333 189.000000 73.666667 188.000000 73.000000 187.000000 curveto
72.333333 187.000000 71.666667 187.000000 71.000000 187.000000 curveto
70.000000 185.666667 69.000000 184.333333 68.000000 183.000000 curveto
67.333333 183.000000 66.666667 183.000000 66.000000 183.000000 curveto
60.270475 176.396220 54.270475 170.062886 48.000000 164.000000 curveto
48.000000 163.333333 48.000000 162.666667 48.000000 162.000000 curveto
41.444001 153.555980 35.777335 144.222647 31.000000 134.000000 curveto
30.333335 131.000005 29.666668 128.000005 29.000000 125.000000 curveto
28.666667 125.000000 28.333333 125.000000 28.000000 125.000000 curveto
27.333332 120.666660 26.666665 116.333326 26.000000 112.000000 curveto
25.666667 112.000000 25.333333 112.000000 25.000000 112.000000 curveto
24.999998 104.666658 24.999998 97.333324 25.000000 90.000000 curveto
25.333333 90.000000 25.666667 90.000000 26.000000 90.000000 curveto
27.465083 76.465078 32.131749 66.131745 40.000000 59.000000 curveto
40.000000 58.333333 40.000000 57.666667 40.000000 57.000000 curveto
59.725850 37.725846 88.392517 27.392513 126.000000 26.000000 curveto
126.000000 25.666667 126.000000 25.333333 126.000000 25.000000 curveto

75.000000 102.000000 moveto
75.333333 102.000000 75.666667 102.000000 76.000000 102.000000 curveto
76.000009 104.000013 76.000009 106.000013 76.000000 108.000000 curveto
76.333333 108.000000 76.666667 108.000000 77.000000 108.000000 curveto
77.666670 111.000004 78.333336 114.000004 79.000000 117.000000 curveto
87.108868 133.224488 99.108868 145.557821 115.000000 154.000000 curveto
120.472217 154.861105 126.472217 155.194438 133.000000 155.000000 curveto
156.595033 142.928367 179.928366 130.595034 203.000000 118.000000 curveto
195.776738 102.889929 185.776738 90.556595 173.000000 81.000000 curveto
168.276585 79.723432 163.943252 78.056765 160.000000 76.000000 curveto
145.104194 75.145308 130.104194 75.478641 115.000000 77.000000 curveto
115.000000 77.333333 115.000000 77.666667 115.000000 78.000000 curveto
106.574817 78.241483 99.574817 79.908150 94.000000 83.000000 curveto
93.000000 83.000000 92.000000 83.000000 91.000000 83.000000 curveto
85.268150 85.934817 80.268150 89.601483 76.000000 94.000000 curveto
75.891667 96.891667 75.558333 99.558333 75.000000 102.000000 curveto

276.000000 285.000000 moveto
276.333333 285.000000 276.666667 285.000000 277.000000 285.000000 curveto
276.999983 289.999983 276.999983 294.999983 277.000000 300.000000 curveto
277.333333 300.000000 277.666667 300.000000 278.000000 300.000000 curveto
277.433333 303.566667 277.766667 306.233333 279.000000 308.000000 curveto
279.000017 310.666685 279.000017 313.333352 279.000000 316.000000 curveto
279.333333 316.000000 279.666667 316.000000 280.000000 316.000000 curveto
280.000000 318.333333 280.000000 320.666667 280.000000 323.000000 curveto
280.333333 323.000000 280.666667 323.000000 281.000000 323.000000 curveto
282.448011 338.885301 285.781344 352.885301 291.000000 365.000000 curveto
291.000000 366.000000 291.000000 367.000000 291.000000 368.000000 curveto
291.333333 368.000000 291.666667 368.000000 292.000000 368.000000 curveto
292.000000 369.000000 292.000000 370.000000 292.000000 371.000000 curveto
292.666678 371.666681 293.333345 372.333348 294.000000 373.000000 curveto
294.000000 374.000000 294.000000 375.000000 294.000000 376.000000 curveto
295.000000 377.333333 296.000000 378.666667 297.000000 380.000000 curveto
297.161940 381.838141 297.495274 383.504808 298.000000 385.000000 curveto
299.171464 385.828617 300.171464 386.828617 301.000000 388.000000 curveto
301.666685 390.000023 302.333351 392.000023 303.000000 394.000000 curveto
308.743430 401.256591 314.743430 408.256591 321.000000 415.000000 curveto
327.083026 418.250334 333.416359 421.250334 340.000000 424.000000 curveto
344.309510 424.023793 348.309510 424.357126 352.000000 425.000000 curveto
352.000000 424.666667 352.000000 424.333333 352.000000 424.000000 curveto
360.887415 424.220749 367.887415 422.554082 373.000000 419.000000 curveto
375.558333 418.558333 377.891667 417.891667 380.000000 417.000000 curveto
380.333333 416.333333 380.666667 415.666667 381.000000 415.000000 curveto
382.333333 414.666667 383.666667 414.333333 385.000000 414.000000 curveto
385.333333 413.333333 385.666667 412.666667 386.000000 412.000000 curveto
386.666667 412.000000 387.333333 412.000000 388.000000 412.000000 curveto
397.761408 404.094741 406.428075 395.094741 414.000000 385.000000 curveto
414.333333 383.666667 414.666667 382.333333 415.000000 381.000000 curveto
416.558333 379.558333 417.891667 377.891667 419.000000 376.000000 curveto
419.000000 375.000000 419.000000 374.000000 419.000000 373.000000 curveto
422.554082 367.887415 424.220749 360.887415 424.000000 352.000000 curveto
424.333333 352.000000 424.666667 352.000000 425.000000 352.000000 curveto
424.357126 348.309510 424.023793 344.309510 424.000000 340.000000 curveto
423.666667 340.000000 423.333333 340.000000 423.000000 340.000000 curveto
421.600004 330.066670 417.933337 322.400003 412.000000 317.000000 curveto
412.000000 316.333333 412.000000 315.666667 412.000000 315.000000 curveto
398.241965 299.758001 379.908631 289.091335 357.000000 283.000000 curveto
357.000000 282.666667 357.000000 282.333333 357.000000 282.000000 curveto
355.666681 282.000011 354.333347 282.000011 353.000000 282.000000 curveto
353.000000 281.666667 353.000000 281.333333 353.000000 281.000000 curveto
351.666681 281.000011 350.333347 281.000011 349.000000 281.000000 curveto
349.000000 280.666667 349.000000 280.333333 349.000000 280.000000 curveto
347.333333 280.000000 345.666667 280.000000 344.000000 280.000000 curveto
344.000000 279.666667 344.000000 279.333333 344.000000 279.000000 curveto
342.000041 279.000033 340.000041 279.000033 338.000000 279.000000 curveto
338.000000 278.666667 338.000000 278.333333 338.000000 278.000000 curveto
335.476230 278.523843 333.809564 278.190509 333.000000 277.000000 curveto
324.250330 276.416357 315.250330 276.083024 306.000000 276.000000 curveto
306.000000 275.666667 306.000000 275.333333 306.000000 275.000000 curveto
296.322899 275.656234 286.322899 275.989567 276.000000 276.000000 curveto
276.000000 279.000000 276.000000 282.000000 276.000000 285.000000 curveto
fill
showpage