%!PS-Adobe-3.0 EPSF-3.0
%%BoundingBox: 0 0 500 500
0.1 setlinewidth

126.000000 25.000000 moveto
189.974208 24.025794 230.307541 46.692460 247.000000 93.000000 curveto
293.684287 64.684309 347.017621 43.017642 407.000000 28.000000 curveto
422.352186 26.018867 438.685520 25.018867 456.000000 25.000000 curveto
463.034830 27.965145 468.701497 32.298478 473.000000 38.000000 curveto
476.780915 52.334975 474.114248 63.334975 465.000000 71.000000 curveto
461.829892 71.829846 459.163225 73.163179 457.000000 75.000000 curveto
442.901305 75.567961 429.234638 76.567961 416.000000 78.000000 curveto
359.509931 93.176612 308.843265 114.176612 264.000000 141.000000 curveto
270.031476 166.968473 273.698142 195.301806 275.000000 226.000000 curveto
376.237523 219.171365 441.570857 250.171365 471.000000 319.000000 curveto
474.209086 331.790809 475.542420 346.457475 475.000000 363.000000 curveto
471.312256 379.978923 465.978923 395.312256 459.000000 409.000000 curveto
443.154619 433.487952 421.821286 452.487952 395.000000 466.000000 curveto
379.428699 472.762032 360.095365 475.762032 337.000000 475.000000 curveto
322.754283 471.579074 309.754283 466.912407 298.000000 461.000000 curveto
251.789987 424.543410 227.789987 365.876743 226.000000 285.000000 curveto
158.280258 303.613585 110.946924 342.613585 84.000000 402.000000 curveto
79.037304 420.703981 75.370637 440.703981 73.000000 462.000000 curveto
68.026466 471.026437 58.359799 475.359771 44.000000 475.000000 curveto
34.743594 471.589799 28.410260 465.256466 25.000000 456.000000 curveto
24.966667 435.633346 26.966667 417.300013 31.000000 401.000000 curveto
61.952401 312.285753 125.952401 256.619087 223.000000 234.000000 curveto
223.986010 212.594132 222.652676 191.594132 219.000000 171.000000 curveto
218.514312 169.485734 217.514312 168.485734 216.000000 168.000000 curveto
194.251714 181.585048 170.918381 193.585048 146.000000 204.000000 curveto
134.191999 206.109451 121.858666 206.442784 109.000000 205.000000 curveto
64.231097 190.768880 36.231097 159.768880 25.000000 112.000000 curveto
24.999998 104.666658 24.999998 97.333324 25.000000 90.000000 curveto
28.270078 77.270073 33.270078 66.270073 40.000000 57.000000 curveto
60.530494 38.197158 89.197161 27.530492 126.000000 25.000000 curveto

75.000000 102.000000 moveto
81.049854 126.616788 94.383187 143.950122 115.000000 154.000000 curveto
120.472217 154.861105 126.472217 155.194438 133.000000 155.000000 curveto
156.595033 142.928367 179.928366 130.595034 203.000000 118.000000 curveto
190.780425 84.272054 161.447092 70.605387 115.000000 77.000000 curveto
107.066736 79.066737 99.066736 81.066737 91.000000 83.000000 curveto
82.063732 85.730399 76.730399 92.063733 75.000000 102.000000 curveto

276.000000 285.000000 moveto
278.119596 341.213773 293.119596 384.547107 321.000000 415.000000 curveto
339.445720 426.187968 359.112386 426.854634 380.000000 417.000000 curveto
396.388046 406.721380 409.388046 393.054713 419.000000 376.000000 curveto
423.319310 365.442680 424.985977 353.442680 424.000000 340.000000 curveto
401.461627 290.254816 352.128293 268.921483 276.000000 276.000000 curveto
276.000000 279.000000 276.000000 282.000000 276.000000 285.000000 curveto
fill
showpage