%!PS-Adobe-3.0 EPSF-3.0
%%BoundingBox: 0 0 500 500
0.1 setlinewidth

126.000000 25.000000 moveto
189.974208 24.025794 230.307541 46.692460 247.000000 93.000000 curveto
313.701284 42.308012 389.034617 23.974679 473.000000 38.000000 curveto
416.013858 81.140388 346.347191 115.473721 264.000000 141.000000 curveto
270.031476 166.968473 273.698142 195.301806 275.000000 226.000000 curveto
427.875044 221.074401 489.208377 282.074401 459.000000 409.000000 curveto
332.993648 512.170318 255.326982 470.836984 226.000000 285.000000 curveto
140.429936 323.429951 79.763269 386.763284 44.000000 475.000000 curveto
22.528733 348.860793 82.195399 268.527460 223.000000 234.000000 curveto
223.986010 212.594132 222.652676 191.594132 219.000000 171.000000 curveto
91.463237 227.196084 31.796570 189.196084 40.000000 57.000000 curveto
60.530494 38.197158 89.197161 27.530492 126.000000 25.000000 curveto

75.000000 102.000000 moveto
81.049854 126.616788 94.383187 143.950122 115.000000 154.000000 curveto
211.414634 95.289734 198.081301 77.956401 75.000000 102.000000 curveto

276.000000 285.000000 moveto
278.119596 341.213773 293.119596 384.547107 321.000000 415.000000 curveto
339.445720 426.187968 359.112386 426.854634 380.000000 417.000000 curveto
443.831268 322.311717 409.164602 278.311717 276.000000 285.000000 curveto
fill
showpage