%!PS-Adobe-3.0 EPSF-3.0
%%BoundingBox: 0 0 500 500
0.1 setlinewidth

126.000000 25.000000 moveto
189.974208 24.025794 230.307541 46.692460 247.000000 93.000000 curveto
301.316276 54.982952 370.982943 32.316285 456.000000 25.000000 curveto
463.034830 27.965145 468.701497 32.298478 473.000000 38.000000 curveto
476.780915 52.334975 474.114248 63.334975 465.000000 71.000000 curveto
386.339330 82.672659 319.339330 106.005993 264.000000 141.000000 curveto
270.031476 166.968473 273.698142 195.301806 275.000000 226.000000 curveto
397.071298 214.326947 463.737965 259.993614 475.000000 363.000000 curveto
471.312256 379.978923 465.978923 395.312256 459.000000 409.000000 curveto
443.154619 433.487952 421.821286 452.487952 395.000000 466.000000 curveto
281.060279 479.365604 224.726946 419.032271 226.000000 285.000000 curveto
136.802685 305.802693 85.802685 364.802693 73.000000 462.000000 curveto
68.026466 471.026437 58.359799 475.359771 44.000000 475.000000 curveto
34.743594 471.589799 28.410260 465.256466 25.000000 456.000000 curveto
39.699708 330.699706 105.699708 256.699706 223.000000 234.000000 curveto
223.986010 212.594132 222.652676 191.594132 219.000000 171.000000 curveto
197.104346 178.705079 172.771013 189.705079 146.000000 204.000000 curveto
68.854311 206.527916 28.520978 168.527916 25.000000 90.000000 curveto
28.270078 77.270073 33.270078 66.270073 40.000000 57.000000 curveto
60.530494 38.197158 89.197161 27.530492 126.000000 25.000000 curveto

75.000000 102.000000 moveto
81.049854 126.616788 94.383187 143.950122 115.000000 154.000000 curveto
149.206656 148.730582 178.539989 136.730582 203.000000 118.000000 curveto
167.363820 66.493773 124.697153 61.160440 75.000000 102.000000 curveto

276.000000 285.000000 moveto
278.119596 341.213773 293.119596 384.547107 321.000000 415.000000 curveto
339.445720 426.187968 359.112386 426.854634 380.000000 417.000000 curveto
396.388046 406.721380 409.388046 393.054713 419.000000 376.000000 curveto
423.015050 299.981196 375.348383 266.647862 276.000000 276.000000 curveto
276.000000 279.000000 276.000000 282.000000 276.000000 285.000000 curveto
fill
showpage