%!PS-Adobe-3.0 EPSF-3.0
%%BoundingBox: 0 0 500 500
0.1 setlinewidth

445.000000 2.000000 moveto
447.057196 3.028572 447.057196 3.028572 445.000000 2.000000 curveto

173.000000 15.000000 moveto
176.111122 14.555557 177.444455 15.888890 177.000000 19.000000 curveto
163.183160 31.849822 150.516494 45.849822 139.000000 61.000000 curveto
158.284669 52.863028 179.951336 50.529695 204.000000 54.000000 curveto
208.227053 54.549024 210.893719 57.215690 212.000000 62.000000 curveto
217.008916 59.586306 220.008916 60.252973 221.000000 64.000000 curveto
218.401773 66.401782 215.401773 68.401782 212.000000 70.000000 curveto
190.292060 68.442199 169.625393 70.775533 150.000000 77.000000 curveto
165.493786 80.172890 181.827119 82.506223 199.000000 84.000000 curveto
203.674234 87.283330 205.007568 91.616663 203.000000 97.000000 curveto
207.868039 97.131937 211.201372 98.798603 213.000000 102.000000 curveto
210.005547 105.338885 205.005547 106.672218 198.000000 106.000000 curveto
177.757081 95.759602 153.423747 91.092935 125.000000 92.000000 curveto
114.566653 111.777424 112.233319 133.777424 118.000000 158.000000 curveto
124.927009 165.072970 134.593676 169.406303 147.000000 171.000000 curveto
161.976792 157.976793 172.643458 140.643459 179.000000 119.000000 curveto
181.666656 116.666660 184.333322 114.333326 187.000000 112.000000 curveto
203.314394 117.352273 212.981061 129.352273 216.000000 148.000000 curveto
221.594679 150.071958 226.928012 152.405291 232.000000 155.000000 curveto
239.748789 145.415459 250.748789 139.082126 265.000000 136.000000 curveto
273.214962 122.548295 283.214962 110.881629 295.000000 101.000000 curveto
309.369338 117.297281 325.369338 131.963947 343.000000 145.000000 curveto
346.333347 145.000006 349.666680 145.000006 353.000000 145.000000 curveto
359.540979 140.307034 365.540979 134.640367 371.000000 128.000000 curveto
367.750851 119.249168 363.417518 111.582501 358.000000 105.000000 curveto
325.549445 97.693286 294.216112 95.359952 264.000000 98.000000 curveto
260.291646 96.041659 257.291646 93.374993 255.000000 90.000000 curveto
257.229146 87.187493 261.229146 86.854160 267.000000 89.000000 curveto
276.076915 81.115895 289.076915 77.782562 306.000000 79.000000 curveto
287.474995 74.858312 271.141662 68.524979 257.000000 60.000000 curveto
259.809518 56.847984 266.476185 56.514651 277.000000 59.000000 curveto
277.874978 54.208329 280.874978 51.541662 286.000000 51.000000 curveto
308.671021 55.995644 329.004354 63.328978 347.000000 73.000000 curveto
339.240218 53.426446 328.906885 36.426446 316.000000 22.000000 curveto
315.875000 19.541667 317.208333 18.541667 320.000000 19.000000 curveto
323.053004 23.613635 328.719671 25.613635 337.000000 25.000000 curveto
350.645899 43.354054 363.312566 62.687388 375.000000 83.000000 curveto
395.348013 86.985370 410.681346 95.985370 421.000000 110.000000 curveto
427.672205 109.661107 432.338872 111.327773 435.000000 115.000000 curveto
431.146953 118.146965 425.480286 119.480298 418.000000 119.000000 curveto
406.472234 112.861114 393.472234 108.194448 379.000000 105.000000 curveto
380.582620 111.417395 382.582620 117.417395 385.000000 123.000000 curveto
404.892095 131.774579 420.225429 145.107913 431.000000 163.000000 curveto
434.008316 173.658326 436.674983 184.658326 439.000000 196.000000 curveto
436.176359 254.509685 412.509692 292.176352 368.000000 309.000000 curveto
362.316652 309.649988 356.316652 309.983321 350.000000 310.000000 curveto
336.768333 304.393333 324.435000 301.726667 313.000000 302.000000 curveto
322.881295 320.118668 330.214628 340.785334 335.000000 364.000000 curveto
344.999823 373.000235 355.666489 381.333569 367.000000 389.000000 curveto
403.164791 401.501925 431.164791 422.168591 451.000000 451.000000 curveto
416.301293 450.365378 388.301293 443.032045 367.000000 429.000000 curveto
350.777061 435.969262 330.443727 436.635929 306.000000 431.000000 curveto
302.784630 432.451304 299.784630 434.117970 297.000000 436.000000 curveto
306.245226 440.421411 313.245226 447.088078 318.000000 456.000000 curveto
313.424403 458.757723 308.757736 461.424390 304.000000 464.000000 curveto
315.689568 466.519644 322.689568 462.519644 325.000000 452.000000 curveto
318.812475 452.520798 315.812475 449.854131 316.000000 444.000000 curveto
317.722197 440.055521 320.388863 437.055521 324.000000 435.000000 curveto
338.800527 436.443424 343.800527 444.776758 339.000000 460.000000 curveto
328.542812 476.821743 312.209479 481.821743 290.000000 475.000000 curveto
286.220866 472.779187 282.887533 470.112520 280.000000 467.000000 curveto
264.466483 466.866843 252.466483 463.200177 244.000000 456.000000 curveto
231.138257 463.702025 217.138257 468.368692 202.000000 470.000000 curveto
197.689153 476.355826 191.689153 481.022492 184.000000 484.000000 curveto
151.071009 484.324138 136.737676 469.657471 141.000000 440.000000 curveto
145.509584 434.484051 151.842917 432.150718 160.000000 433.000000 curveto
163.319431 435.347187 164.986098 439.347187 165.000000 445.000000 curveto
163.812487 449.479131 160.145821 451.479131 154.000000 451.000000 curveto
157.698333 465.568334 167.031667 471.235000 182.000000 468.000000 curveto
174.442304 466.557683 168.442304 463.557683 164.000000 459.000000 curveto
168.478565 449.811887 174.811898 442.478554 183.000000 437.000000 curveto
180.511898 435.154745 178.178564 433.154745 176.000000 431.000000 curveto
160.133151 431.200177 147.799817 427.866844 139.000000 421.000000 curveto
109.383801 429.824568 78.050468 431.157901 45.000000 425.000000 curveto
71.811083 406.477744 102.144416 391.477744 136.000000 380.000000 curveto
148.506751 368.840090 162.506751 359.173424 178.000000 351.000000 curveto
183.471295 337.137953 188.804628 323.137953 194.000000 309.000000 curveto
173.479236 321.585977 148.479236 326.585977 119.000000 324.000000 curveto
80.582823 302.417208 58.916157 264.083874 54.000000 209.000000 curveto
56.333329 200.333318 58.666662 191.666651 61.000000 183.000000 curveto
64.518314 177.518312 68.184980 172.184978 72.000000 167.000000 curveto
74.454645 150.454651 81.787979 138.787984 94.000000 132.000000 curveto
96.213678 119.163821 98.880345 105.497154 102.000000 91.000000 curveto
91.196619 102.863284 77.863286 112.196618 62.000000 119.000000 curveto
58.811769 116.854910 55.811769 114.521577 53.000000 112.000000 curveto
53.533915 107.536815 58.533915 105.870148 68.000000 107.000000 curveto
69.370372 99.703706 71.703705 93.370372 75.000000 88.000000 curveto
84.437815 78.437814 96.437815 71.437814 111.000000 67.000000 curveto
122.369337 50.702671 134.702671 35.369338 148.000000 21.000000 curveto
158.983937 24.138891 167.317271 22.138891 173.000000 15.000000 curveto

158.000000 31.000000 moveto
159.063501 29.714287 158.730168 28.047621 157.000000 26.000000 curveto
144.310408 27.977082 143.310408 31.310415 154.000000 36.000000 curveto
155.333333 34.333333 156.666667 32.666667 158.000000 31.000000 curveto

330.000000 34.000000 moveto
331.291667 35.041667 332.291667 36.375000 333.000000 38.000000 curveto
341.360007 34.499260 340.360007 31.499260 330.000000 29.000000 curveto
330.000000 30.666667 330.000000 32.333333 330.000000 34.000000 curveto

340.000000 37.000000 moveto
341.066680 35.933335 341.066680 35.933335 340.000000 37.000000 curveto

150.000000 39.000000 moveto
151.733339 39.400002 152.400006 38.733335 152.000000 37.000000 curveto
144.733339 31.761906 139.400006 33.428573 136.000000 42.000000 curveto
138.202375 44.130951 140.869042 45.797617 144.000000 47.000000 curveto
146.000007 44.333335 148.000007 41.666669 150.000000 39.000000 curveto

336.000000 43.000000 moveto
338.401765 45.598211 340.401765 48.598211 342.000000 52.000000 curveto
343.626276 50.292931 345.959610 49.292931 349.000000 49.000000 curveto
345.150014 38.369049 340.816680 36.369049 336.000000 43.000000 curveto

141.000000 51.000000 moveto
141.993045 46.895830 139.326378 44.562496 133.000000 44.000000 curveto
128.055861 51.055858 122.722528 57.722525 117.000000 64.000000 curveto
126.290172 69.709808 132.956838 78.043141 137.000000 89.000000 curveto
142.439226 88.894124 147.439226 89.227457 152.000000 90.000000 curveto
153.090266 85.090271 150.756933 82.423604 145.000000 82.000000 curveto
146.031923 69.799488 141.698590 65.466155 132.000000 69.000000 curveto
134.931316 62.257325 133.931316 56.923991 129.000000 53.000000 curveto
135.004129 57.434778 139.004129 56.768111 141.000000 51.000000 curveto

344.000000 55.000000 moveto
346.336289 57.663687 348.002956 60.997020 349.000000 65.000000 curveto
351.662047 63.662012 354.995380 62.995346 359.000000 63.000000 curveto
356.409906 58.256724 353.409906 53.923390 350.000000 50.000000 curveto
347.266680 50.933335 345.266680 52.600002 344.000000 55.000000 curveto

291.000000 58.000000 moveto
292.235314 59.721573 291.901981 63.388240 290.000000 69.000000 curveto
298.687449 73.141992 306.020782 71.808659 312.000000 65.000000 curveto
305.627368 74.286902 310.627368 79.620235 327.000000 81.000000 curveto
327.494141 76.160790 329.494141 72.827456 333.000000 71.000000 curveto
318.608456 61.597010 301.275123 56.930344 281.000000 57.000000 curveto
281.374716 61.714280 283.708049 65.380947 288.000000 68.000000 curveto
288.071417 63.738093 289.071417 60.404759 291.000000 58.000000 curveto

176.000000 59.000000 moveto
180.645947 65.376806 180.645947 65.376806 176.000000 59.000000 curveto

161.000000 60.000000 moveto
162.583340 62.083336 163.250006 65.083336 163.000000 69.000000 curveto
180.617527 68.950857 194.950860 65.617523 206.000000 59.000000 curveto
190.249716 54.620050 175.249716 54.953383 161.000000 60.000000 curveto

142.000000 66.000000 moveto
144.433339 67.233336 145.766672 69.566669 146.000000 73.000000 curveto
151.055738 72.055733 156.055738 71.055733 161.000000 70.000000 curveto
161.749994 67.130950 161.416660 63.797616 160.000000 60.000000 curveto
151.913048 59.913045 145.913048 61.913045 142.000000 66.000000 curveto

350.000000 69.000000 moveto
351.791667 70.208333 352.458333 72.541667 352.000000 76.000000 curveto
345.011859 75.192594 338.678525 74.192594 333.000000 73.000000 curveto
328.793829 79.066737 330.127162 85.066737 337.000000 91.000000 curveto
332.318433 90.252971 330.985099 92.586304 333.000000 98.000000 curveto
336.000000 98.000000 339.000000 98.000000 342.000000 98.000000 curveto
345.572460 85.905796 353.572460 78.239130 366.000000 75.000000 curveto
362.001465 65.525024 356.668132 63.525024 350.000000 69.000000 curveto

105.000000 75.000000 moveto
113.043466 82.001309 123.043466 86.334643 135.000000 88.000000 curveto
131.127208 79.539483 125.793875 72.539483 119.000000 67.000000 curveto
113.604545 68.937882 108.937878 71.604549 105.000000 75.000000 curveto

95.000000 80.000000 moveto
101.446424 86.846425 109.113091 92.179758 118.000000 96.000000 curveto
119.474752 94.141418 120.141419 91.474751 120.000000 88.000000 curveto
109.064793 74.007286 97.064793 73.340620 84.000000 86.000000 curveto
91.555563 95.209157 95.222229 93.209157 95.000000 80.000000 curveto

284.000000 86.000000 moveto
285.851504 90.769693 290.184837 92.103027 297.000000 90.000000 curveto
296.375000 88.291667 296.041667 86.291667 296.000000 84.000000 curveto
285.563575 83.563585 277.896908 85.896918 273.000000 91.000000 curveto
279.536207 96.302269 283.202874 94.635603 284.000000 86.000000 curveto

317.000000 86.000000 moveto
312.595232 83.108057 306.261899 82.441390 298.000000 84.000000 curveto
298.041667 86.291667 298.375000 88.291667 299.000000 90.000000 curveto
304.315771 91.350872 309.982438 92.350872 316.000000 93.000000 curveto
315.698432 90.031751 316.031765 87.698418 317.000000 86.000000 curveto

175.000000 87.000000 moveto
176.111122 88.333339 175.444455 89.666672 173.000000 91.000000 curveto
171.019262 84.314076 164.685929 81.980743 154.000000 84.000000 curveto
154.000018 86.000010 154.000018 88.000010 154.000000 90.000000 curveto
164.218968 91.447720 174.552301 92.781053 185.000000 94.000000 curveto
186.070714 91.737377 186.737381 89.070711 187.000000 86.000000 curveto
181.794632 84.324400 177.794632 84.657733 175.000000 87.000000 curveto

331.000000 90.000000 moveto
324.030965 83.726194 320.030965 85.392861 319.000000 95.000000 curveto
322.836868 95.163182 326.170202 95.829848 329.000000 97.000000 curveto
329.891667 94.891667 330.558333 92.558333 331.000000 90.000000 curveto

370.000000 90.000000 moveto
372.523854 89.476201 374.190521 89.809535 375.000000 91.000000 curveto
360.850608 93.854975 358.183941 100.521642 367.000000 111.000000 curveto
371.974329 107.641017 376.307663 103.641017 380.000000 99.000000 curveto
392.549219 104.667176 404.549219 109.000510 416.000000 112.000000 curveto
407.971033 98.028924 393.971033 90.028924 374.000000 88.000000 curveto
371.874536 84.792163 369.874536 81.458829 368.000000 78.000000 curveto
362.284834 79.284845 356.951501 80.951512 352.000000 83.000000 curveto
347.663778 86.663771 344.997112 91.997104 344.000000 99.000000 curveto
354.668171 99.083345 363.334838 96.083345 370.000000 90.000000 curveto

199.000000 93.000000 moveto
199.361103 88.872219 196.027770 86.538885 189.000000 86.000000 curveto
188.700007 89.366670 188.033341 92.366670 187.000000 95.000000 curveto
192.129425 96.843144 196.129425 96.176477 199.000000 93.000000 curveto

382.000000 94.000000 moveto
384.166667 93.500000 385.500000 93.833333 386.000000 95.000000 curveto
378.426578 96.759901 372.426578 100.093235 368.000000 105.000000 curveto
370.423047 99.089736 375.089714 95.423069 382.000000 94.000000 curveto

86.000000 97.000000 moveto
83.840479 87.873813 80.507146 88.207147 76.000000 98.000000 curveto
78.733336 98.933337 80.733336 100.600004 82.000000 103.000000 curveto
83.939397 101.606065 85.272731 99.606065 86.000000 97.000000 curveto

116.000000 100.000000 moveto
110.895242 92.414290 106.895242 94.080956 104.000000 105.000000 curveto
107.933339 103.487185 110.933339 104.487185 113.000000 108.000000 curveto
104.659134 105.406380 100.659134 108.739713 101.000000 118.000000 curveto
104.666662 118.666662 108.333329 119.333329 112.000000 120.000000 curveto
113.166380 113.166380 114.499714 106.499713 116.000000 100.000000 curveto

80.000000 105.000000 moveto
76.865379 97.999992 74.532045 99.333325 73.000000 109.000000 curveto
76.433336 108.766671 78.766670 107.433338 80.000000 105.000000 curveto

369.000000 115.000000 moveto
370.700015 116.966671 372.033348 119.300005 373.000000 122.000000 curveto
380.871118 118.552595 380.537785 114.219262 372.000000 109.000000 curveto
370.325000 110.325000 369.325000 112.325000 369.000000 115.000000 curveto

293.000000 117.000000 moveto
296.380955 128.860607 301.380955 131.860607 308.000000 126.000000 curveto
308.031915 136.440765 312.698582 143.774098 322.000000 148.000000 curveto
322.876939 144.210264 324.543606 141.210264 327.000000 139.000000 curveto
316.151600 127.848363 304.818266 117.181696 293.000000 107.000000 curveto
293.000012 110.333338 293.000012 113.666671 293.000000 117.000000 curveto

283.000000 120.000000 moveto
285.944292 123.055736 288.944292 126.055736 292.000000 129.000000 curveto
293.002907 122.416815 292.336241 115.750148 290.000000 109.000000 curveto
287.610959 112.610947 285.277626 116.277614 283.000000 120.000000 curveto

110.000000 127.000000 moveto
111.190489 126.190491 111.523823 124.523824 111.000000 122.000000 curveto
101.849352 120.141127 96.849352 125.141127 96.000000 137.000000 curveto
101.874994 136.124992 105.874994 137.124992 108.000000 140.000000 curveto
95.041560 137.493508 90.708226 142.493508 95.000000 155.000000 curveto
99.796986 154.498738 105.796986 154.498738 113.000000 155.000000 curveto
110.579160 147.087492 109.579160 137.754158 110.000000 127.000000 curveto

375.000000 127.000000 moveto
376.651354 135.637297 380.984688 139.303964 388.000000 138.000000 curveto
385.803278 132.863342 383.469945 127.863342 381.000000 123.000000 curveto
377.383853 122.717177 375.383853 124.050510 375.000000 127.000000 curveto

278.000000 130.000000 moveto
281.261894 131.071423 283.595227 133.071423 285.000000 136.000000 curveto
290.291857 130.562966 288.958524 125.896299 281.000000 122.000000 curveto
279.633344 124.300005 278.633344 126.966672 278.000000 130.000000 curveto

389.000000 130.000000 moveto
400.348013 143.250391 406.681346 160.583724 408.000000 182.000000 curveto
406.333333 183.166667 404.666667 183.166667 403.000000 182.000000 curveto
403.139270 195.805944 401.472603 207.805944 398.000000 218.000000 curveto
403.753300 212.086618 408.419967 205.086618 412.000000 197.000000 curveto
421.580087 162.596878 413.913420 140.263545 389.000000 130.000000 curveto

182.000000 131.000000 moveto
182.572720 134.566661 182.572720 140.233328 182.000000 148.000000 curveto
188.679155 144.345825 193.679155 139.012492 197.000000 132.000000 curveto
191.864740 142.457808 193.198073 152.124475 201.000000 161.000000 curveto
201.078847 153.078845 203.745513 147.745512 209.000000 145.000000 curveto
201.109537 160.078624 199.442870 178.078624 204.000000 199.000000 curveto
210.418318 204.248382 217.751651 208.581716 226.000000 212.000000 curveto
224.248120 203.384639 218.914787 196.717973 210.000000 192.000000 curveto
214.221607 187.221608 218.888274 182.888275 224.000000 179.000000 curveto
220.784329 176.168640 219.450996 172.835306 220.000000 169.000000 curveto
228.303290 167.451580 236.303290 169.118246 244.000000 174.000000 curveto
243.766667 170.766667 244.433333 168.433333 246.000000 167.000000 curveto
238.676181 160.657136 229.009515 156.657136 217.000000 155.000000 curveto
211.559781 165.226448 207.226447 176.559781 204.000000 189.000000 curveto
204.664999 174.665003 208.664999 163.665003 216.000000 156.000000 curveto
209.949428 142.383910 202.949428 129.717243 195.000000 118.000000 curveto
192.783333 117.216667 190.116667 116.883333 187.000000 117.000000 curveto
183.855548 120.188884 182.188882 124.855551 182.000000 131.000000 curveto

267.000000 141.000000 moveto
271.420433 144.246201 275.753766 147.579534 280.000000 151.000000 curveto
284.156233 141.352075 282.822900 134.352075 276.000000 130.000000 curveto
272.749357 133.416032 269.749357 137.082699 267.000000 141.000000 curveto

88.000000 143.000000 moveto
89.066670 141.933339 89.066670 141.933339 88.000000 143.000000 curveto

382.000000 145.000000 moveto
383.488080 147.845232 384.821413 150.845232 386.000000 154.000000 curveto
388.666713 151.822862 391.333380 151.156195 394.000000 152.000000 curveto
387.875582 156.330257 385.208915 163.996923 386.000000 175.000000 curveto
391.800500 166.992576 397.133833 165.659243 402.000000 171.000000 curveto
403.356138 154.964384 397.689472 144.631051 385.000000 140.000000 curveto
382.857166 140.523818 381.857166 142.190485 382.000000 145.000000 curveto

172.000000 146.000000 moveto
173.997948 150.002075 176.664615 153.335408 180.000000 156.000000 curveto
181.216656 149.012491 180.883323 140.345825 179.000000 130.000000 curveto
176.666653 135.333322 174.333319 140.666656 172.000000 146.000000 curveto

247.000000 149.000000 moveto
262.001841 152.550124 272.001841 159.216791 277.000000 169.000000 curveto
269.205027 158.794966 257.538360 152.461632 242.000000 150.000000 curveto
240.891667 151.891667 239.558333 153.558333 238.000000 155.000000 curveto
241.397416 158.282039 246.397416 160.282039 253.000000 161.000000 curveto
249.096972 169.588746 246.430306 177.588746 245.000000 185.000000 curveto
247.108333 185.891667 249.441667 186.558333 252.000000 187.000000 curveto
254.095241 177.761907 259.428574 171.761907 268.000000 169.000000 curveto
268.862139 174.804501 271.528806 178.804501 276.000000 181.000000 curveto
277.476937 177.810265 278.810270 174.476932 280.000000 171.000000 curveto
277.424214 143.690877 266.424214 136.357544 247.000000 149.000000 curveto

339.000000 150.000000 moveto
340.733347 150.400006 341.400014 149.733339 341.000000 148.000000 curveto
331.997696 139.937200 325.997696 141.270533 323.000000 152.000000 curveto
326.435580 156.231048 329.435580 160.897715 332.000000 166.000000 curveto
334.246185 160.579533 336.579519 155.246200 339.000000 150.000000 curveto

370.000000 150.000000 moveto
381.790671 152.925117 384.790671 161.925117 379.000000 177.000000 curveto
384.674205 161.934413 382.674205 146.934413 373.000000 132.000000 curveto
362.123886 143.457219 353.457219 157.123886 347.000000 173.000000 curveto
354.340442 165.007099 362.007108 157.340433 370.000000 150.000000 curveto

354.000000 153.000000 moveto
354.344431 149.766661 350.677764 148.433327 343.000000 149.000000 curveto
334.643175 158.811963 332.309842 169.811963 336.000000 182.000000 curveto
344.384055 174.717390 350.384055 165.050723 354.000000 153.000000 curveto

176.000000 161.000000 moveto
176.566660 156.666661 175.233326 152.333327 172.000000 148.000000 curveto
163.406119 156.746381 163.739452 164.413047 173.000000 171.000000 curveto
173.690469 167.357136 174.690469 164.023803 176.000000 161.000000 curveto

120.000000 164.000000 moveto
121.066671 162.933340 121.066671 162.933340 120.000000 164.000000 curveto

99.000000 165.000000 moveto
105.333325 165.532038 111.666658 166.865371 118.000000 169.000000 curveto
115.559335 158.383790 108.226002 154.383790 96.000000 157.000000 curveto
94.520826 164.743043 95.520826 167.409709 99.000000 165.000000 curveto

121.000000 166.000000 moveto
124.499366 171.833978 128.499366 177.167311 133.000000 182.000000 curveto
150.759303 182.530575 163.759303 189.530575 172.000000 203.000000 curveto
162.509659 191.173455 150.176326 185.840122 135.000000 187.000000 curveto
134.932010 202.733804 139.598677 216.733804 149.000000 229.000000 curveto
151.666673 230.000009 154.333339 231.000009 157.000000 232.000000 curveto
162.158323 226.824986 170.158323 224.491653 181.000000 225.000000 curveto
176.779591 213.042431 173.112925 198.709098 170.000000 182.000000 curveto
163.810885 179.855755 159.144218 176.189088 156.000000 171.000000 curveto
159.664832 173.888275 164.664832 177.221608 171.000000 181.000000 curveto
170.595235 174.258238 168.261901 168.258238 164.000000 163.000000 curveto
150.149287 177.336453 136.149287 177.669786 122.000000 164.000000 curveto
120.916667 163.916667 120.583333 164.583333 121.000000 166.000000 curveto

378.000000 166.000000 moveto
379.785372 160.776069 379.118705 156.109402 376.000000 152.000000 curveto
357.559891 161.380187 343.559891 177.046854 334.000000 199.000000 curveto
338.674980 193.341655 345.674980 190.008322 355.000000 189.000000 curveto
356.834909 200.717330 356.168242 211.383997 353.000000 221.000000 curveto
366.696687 208.030013 375.030020 189.696680 378.000000 166.000000 curveto

421.000000 168.000000 moveto
421.093875 183.463576 417.427208 197.130243 410.000000 209.000000 curveto
411.861095 213.472214 413.194428 218.472214 414.000000 224.000000 curveto
418.460391 217.114570 424.793725 213.781237 433.000000 214.000000 curveto
435.334624 191.013598 431.667957 172.346932 422.000000 158.000000 curveto
420.750017 160.416673 420.416683 163.750006 421.000000 168.000000 curveto

90.000000 176.000000 moveto
91.929835 164.350896 91.263169 153.350896 88.000000 143.000000 curveto
79.444977 151.111643 75.111644 163.444976 75.000000 180.000000 curveto
83.688726 186.311246 92.688726 192.311246 102.000000 198.000000 curveto
99.291017 192.708991 96.957684 187.042324 95.000000 181.000000 curveto
93.904758 184.238088 91.571425 186.238088 88.000000 187.000000 curveto
88.130947 184.136894 88.797614 180.470227 90.000000 176.000000 curveto

236.000000 176.000000 moveto
236.691667 174.775000 235.358333 173.775000 232.000000 173.000000 curveto
227.437926 180.104590 223.104593 187.437923 219.000000 195.000000 curveto
220.325000 196.675000 222.325000 197.675000 225.000000 198.000000 curveto
228.848634 190.848637 232.515300 183.515304 236.000000 176.000000 curveto

197.000000 178.000000 moveto
198.545767 167.398706 196.545767 158.398706 191.000000 151.000000 curveto
182.688332 157.021663 177.354998 166.021663 175.000000 178.000000 curveto
175.697407 198.302581 180.364074 214.635915 189.000000 227.000000 curveto
203.224732 239.441954 219.224732 250.108621 237.000000 259.000000 curveto
271.833553 245.833555 301.833553 227.833555 327.000000 205.000000 curveto
329.549181 198.215843 330.882515 190.215843 331.000000 181.000000 curveto
324.953112 159.046861 313.619779 142.380195 297.000000 131.000000 curveto
286.182466 138.849128 281.849133 153.182461 284.000000 174.000000 curveto
282.071417 176.404755 281.071417 179.738088 281.000000 184.000000 curveto
291.079919 189.674240 300.746585 194.674240 310.000000 199.000000 curveto
297.240818 205.131843 284.240818 204.798510 271.000000 198.000000 curveto
278.986784 209.207680 290.320117 215.541014 305.000000 217.000000 curveto
291.746295 228.399859 277.412962 227.733192 262.000000 215.000000 curveto
258.560360 225.420270 265.227026 230.086937 282.000000 229.000000 curveto
282.600011 229.733342 282.933345 230.733342 283.000000 232.000000 curveto
274.508286 241.554621 263.841620 242.887954 251.000000 236.000000 curveto
245.846485 248.204192 236.513151 251.870858 223.000000 247.000000 curveto
230.641840 241.135993 235.308507 234.135993 237.000000 226.000000 curveto
227.463232 240.393021 217.129899 242.726354 206.000000 233.000000 curveto
215.405197 231.071864 221.071864 225.405197 223.000000 216.000000 curveto
221.507950 214.825410 219.507950 214.158743 217.000000 214.000000 curveto
211.168449 225.219308 202.168449 227.552641 190.000000 221.000000 curveto
195.400064 216.400064 200.733398 211.733397 206.000000 207.000000 curveto
199.813607 200.519774 196.813607 190.853107 197.000000 178.000000 curveto

378.000000 179.000000 moveto
379.028617 176.942878 379.028617 176.942878 378.000000 179.000000 curveto

342.000000 180.000000 moveto
342.000014 178.989906 342.000014 178.989906 342.000000 180.000000 curveto

98.000000 181.000000 moveto
100.153131 198.180185 109.153131 208.513518 125.000000 212.000000 curveto
129.772674 216.560672 135.439341 220.227338 142.000000 223.000000 curveto
139.667250 217.332760 137.000584 211.999427 134.000000 207.000000 curveto
135.304757 183.642937 124.304757 170.642937 101.000000 168.000000 curveto
99.058830 171.392169 98.058830 175.725502 98.000000 181.000000 curveto

402.000000 182.000000 moveto
403.007041 176.965056 403.007041 176.965056 402.000000 182.000000 curveto

340.000000 184.000000 moveto
338.159064 180.537864 336.492397 183.871197 335.000000 194.000000 curveto
337.336289 191.336298 339.002956 188.002965 340.000000 184.000000 curveto

261.000000 185.000000 moveto
271.091819 193.908745 283.425152 198.908745 298.000000 200.000000 curveto
288.000648 191.332702 276.000648 184.666035 262.000000 180.000000 curveto
261.495269 181.495260 261.161936 183.161927 261.000000 185.000000 curveto

376.000000 186.000000 moveto
377.066682 184.933341 377.066682 184.933341 376.000000 186.000000 curveto

232.000000 194.000000 moveto
242.694305 202.261848 250.360972 202.261848 255.000000 194.000000 curveto
249.185893 190.814099 242.852559 188.147432 236.000000 186.000000 curveto
234.666695 188.666689 233.333361 191.333356 232.000000 194.000000 curveto

267.000000 194.000000 moveto
267.691667 192.775000 266.358333 191.775000 263.000000 191.000000 curveto
257.745006 198.411667 253.411673 206.745000 250.000000 216.000000 curveto
251.492079 217.174616 253.492079 217.841283 256.000000 218.000000 curveto
259.037602 209.370931 262.704269 201.370931 267.000000 194.000000 curveto

334.000000 195.000000 moveto
335.066680 193.933341 335.066680 193.933341 334.000000 195.000000 curveto

400.000000 195.000000 moveto
401.268797 186.333324 400.602131 177.666658 398.000000 169.000000 curveto
382.633644 180.966978 370.633644 196.300311 362.000000 215.000000 curveto
370.067023 208.119298 377.733690 206.785964 385.000000 211.000000 curveto
384.606591 217.939939 383.939924 224.606605 383.000000 231.000000 curveto
381.384585 225.134598 381.051252 218.467931 382.000000 211.000000 curveto
364.631822 213.631830 352.631822 221.631830 346.000000 235.000000 curveto
352.094826 239.571852 357.094826 245.238519 361.000000 252.000000 curveto
373.035985 242.369318 384.702652 232.369318 396.000000 222.000000 curveto
397.591643 213.258321 398.924976 204.258321 400.000000 195.000000 curveto

73.000000 197.000000 moveto
76.179271 210.487393 81.179271 222.154059 88.000000 232.000000 curveto
89.000000 230.000000 90.000000 228.000000 91.000000 226.000000 curveto
102.844167 230.489167 113.177500 236.489167 122.000000 244.000000 curveto
117.361395 236.638619 112.361395 229.638619 107.000000 223.000000 curveto
104.894731 217.165401 104.894731 211.832067 107.000000 207.000000 curveto
97.263554 197.736469 86.263554 189.736469 74.000000 183.000000 curveto
73.264877 187.264870 72.931543 191.931536 73.000000 197.000000 curveto

354.000000 202.000000 moveto
355.774377 198.092317 355.107710 194.758984 352.000000 192.000000 curveto
338.310763 198.644092 327.310763 207.977425 319.000000 220.000000 curveto
327.945187 223.054835 335.945187 227.054835 343.000000 232.000000 curveto
348.760861 224.652621 352.427527 214.652621 354.000000 202.000000 curveto

240.000000 207.000000 moveto
241.606089 203.906784 239.939422 202.240118 235.000000 202.000000 curveto
230.107557 214.774223 223.440890 225.774223 215.000000 235.000000 curveto
228.644189 232.723554 236.977522 223.390220 240.000000 207.000000 curveto

265.000000 211.000000 moveto
272.030941 218.628563 281.697608 221.961896 294.000000 221.000000 curveto
286.238589 214.761377 277.571922 209.428043 268.000000 205.000000 curveto
266.775000 206.775000 265.775000 208.775000 265.000000 211.000000 curveto

214.000000 212.000000 moveto
214.656574 210.494958 212.989907 209.494958 209.000000 209.000000 curveto
206.143931 213.143931 202.810598 216.810598 199.000000 220.000000 curveto
206.564086 221.660239 211.564086 218.993572 214.000000 212.000000 curveto

108.000000 216.000000 moveto
113.733587 231.599774 122.733587 243.933107 135.000000 253.000000 curveto
140.931603 247.598271 146.598270 241.931604 152.000000 236.000000 curveto
142.319085 223.680884 128.652419 215.347551 111.000000 211.000000 curveto
108.857149 211.523822 107.857149 213.190489 108.000000 216.000000 curveto

60.000000 218.000000 moveto
60.501426 235.165249 65.834760 247.498583 76.000000 255.000000 curveto
71.324275 242.929345 70.990941 230.262679 75.000000 217.000000 curveto
70.188878 207.811103 68.188878 195.811103 69.000000 181.000000 curveto
62.237355 189.570694 59.237355 201.904028 60.000000 218.000000 curveto

238.000000 222.000000 moveto
246.852338 230.948377 258.185672 235.615044 272.000000 236.000000 curveto
262.718452 227.948198 252.051785 221.281531 240.000000 216.000000 curveto
239.587316 218.253981 238.920649 220.253981 238.000000 222.000000 curveto

411.000000 224.000000 moveto
411.769251 221.097447 411.102584 217.764113 409.000000 214.000000 curveto
399.543956 223.543943 389.877289 232.877276 380.000000 242.000000 curveto
387.206064 246.127275 394.206064 250.460609 401.000000 255.000000 curveto
404.967841 245.301181 408.301174 234.967848 411.000000 224.000000 curveto

431.000000 225.000000 moveto
432.414159 222.737383 432.414159 220.070716 431.000000 217.000000 curveto
415.322508 224.655844 405.989174 238.655844 403.000000 259.000000 curveto
404.937852 264.395421 407.604519 269.062088 411.000000 273.000000 curveto
420.814375 260.147721 427.481041 244.147721 431.000000 225.000000 curveto

91.000000 233.000000 moveto
101.016346 249.316986 114.349679 262.316986 131.000000 272.000000 curveto
132.533827 266.867152 133.867160 261.533819 135.000000 256.000000 curveto
122.784527 244.548817 108.117861 235.548817 91.000000 229.000000 curveto
91.000004 230.333343 91.000004 231.666676 91.000000 233.000000 curveto

247.000000 236.000000 moveto
248.428562 232.761896 246.761895 230.761896 242.000000 230.000000 curveto
239.450375 236.117042 235.783708 241.117042 231.000000 245.000000 curveto
239.003658 246.153841 244.336992 243.153841 247.000000 236.000000 curveto

75.000000 245.000000 moveto
80.859202 258.140825 88.192536 269.807492 97.000000 280.000000 curveto
101.265475 274.265467 106.598808 269.598800 113.000000 266.000000 curveto
100.271685 253.394969 88.938351 239.394969 79.000000 224.000000 curveto
74.862173 228.195494 73.528840 235.195494 75.000000 245.000000 curveto

122.000000 245.000000 moveto
124.285722 244.746046 124.285722 244.746046 122.000000 245.000000 curveto

302.000000 253.000000 moveto
315.614404 251.052308 323.281071 255.052308 325.000000 265.000000 curveto
322.828296 266.161627 321.161629 267.828293 320.000000 270.000000 curveto
293.471091 274.804425 271.804425 284.471091 255.000000 299.000000 curveto
259.113537 300.886502 262.446871 303.553169 265.000000 307.000000 curveto
290.514127 292.351089 317.514127 291.684422 346.000000 305.000000 curveto
354.030275 305.363612 361.363608 305.030279 368.000000 304.000000 curveto
359.550682 300.782703 353.217349 295.449370 349.000000 288.000000 curveto
347.197594 273.465059 350.197594 262.131726 358.000000 254.000000 curveto
349.393009 239.940281 336.726343 229.940281 320.000000 224.000000 curveto
317.000000 224.000000 314.000000 224.000000 311.000000 224.000000 curveto
289.050380 237.383713 266.383713 250.050379 243.000000 262.000000 curveto
248.248703 264.751312 254.248703 266.751312 261.000000 268.000000 curveto
272.326645 260.659977 285.993311 255.659977 302.000000 253.000000 curveto

76.000000 256.000000 moveto
77.066670 254.933343 77.066670 254.933343 76.000000 256.000000 curveto

70.000000 258.000000 moveto
75.619298 273.714063 83.285965 287.380730 93.000000 299.000000 curveto
93.427269 292.427261 94.427269 286.427261 96.000000 281.000000 curveto
88.487603 271.179051 79.820937 262.512384 70.000000 255.000000 curveto
70.000000 256.000000 70.000000 257.000000 70.000000 258.000000 curveto

174.000000 261.000000 moveto
208.395093 264.604890 238.061760 272.938224 263.000000 286.000000 curveto
268.368405 284.701737 273.035072 282.701737 277.000000 280.000000 curveto
242.142622 268.190738 212.142622 251.524071 187.000000 230.000000 curveto
179.025627 228.730751 171.692294 229.064084 165.000000 231.000000 curveto
148.345563 239.012224 138.678896 254.012224 136.000000 276.000000 curveto
150.109096 280.557586 158.109096 291.224253 160.000000 308.000000 curveto
157.722405 311.722416 155.389072 315.389083 153.000000 319.000000 curveto
177.798525 315.798518 196.131858 306.131851 208.000000 290.000000 curveto
192.985993 288.347336 179.652659 285.014003 168.000000 280.000000 curveto
166.130943 276.869031 164.797609 273.202365 164.000000 269.000000 curveto
166.218794 265.218801 169.552127 262.552134 174.000000 261.000000 curveto

379.000000 264.000000 moveto
390.969995 265.363362 397.636661 272.030028 399.000000 284.000000 curveto
401.404056 283.070718 403.404056 281.737385 405.000000 280.000000 curveto
403.360071 261.704991 393.360071 250.038325 375.000000 245.000000 curveto
358.896664 253.926349 351.896664 268.593016 354.000000 289.000000 curveto
356.832842 292.167203 359.832842 295.167203 363.000000 298.000000 curveto
370.363607 299.583310 377.030273 299.249976 383.000000 297.000000 curveto
390.639304 293.972635 394.305971 286.972635 394.000000 276.000000 curveto
387.088057 267.275154 379.754723 266.608487 372.000000 274.000000 curveto
372.748296 277.251781 373.748296 280.251781 375.000000 283.000000 curveto
365.190103 276.125764 366.523436 269.792430 379.000000 264.000000 curveto

239.000000 282.000000 moveto
237.053021 279.522716 232.719688 277.522716 226.000000 276.000000 curveto
205.845183 296.845180 190.845183 322.845180 181.000000 354.000000 curveto
177.082696 356.749352 173.416030 359.749352 170.000000 363.000000 curveto
152.900004 366.233344 141.900004 375.566678 137.000000 391.000000 curveto
138.333342 392.333357 139.666675 393.666690 141.000000 395.000000 curveto
160.946586 389.738616 171.946586 394.405283 174.000000 409.000000 curveto
163.063671 425.511916 151.397005 426.178583 139.000000 411.000000 curveto
138.966672 414.766683 139.300006 417.433350 140.000000 419.000000 curveto
157.050561 421.949407 172.050561 426.949407 185.000000 434.000000 curveto
188.619040 433.285697 191.619040 431.952364 194.000000 430.000000 curveto
188.108055 425.926732 184.441388 421.260065 183.000000 416.000000 curveto
203.027479 420.972454 218.360813 430.639121 229.000000 445.000000 curveto
231.784627 443.117971 234.784627 441.451304 238.000000 440.000000 curveto
226.846117 429.487216 215.846117 418.820549 205.000000 408.000000 curveto
206.875000 407.541667 207.875000 406.208333 208.000000 404.000000 curveto
227.969295 402.320583 241.969295 408.320583 250.000000 422.000000 curveto
236.318665 401.423257 231.318665 375.423257 235.000000 344.000000 curveto
238.755877 335.422554 243.755877 328.089221 250.000000 322.000000 curveto
247.226023 318.774016 243.226023 316.774016 238.000000 316.000000 curveto
229.612572 330.279231 221.945906 345.279231 215.000000 361.000000 curveto
212.928563 363.261890 209.928563 364.595224 206.000000 365.000000 curveto
203.264869 362.735098 200.931536 360.068431 199.000000 357.000000 curveto
205.153342 326.632116 218.486675 301.632116 239.000000 282.000000 curveto

119.000000 288.000000 moveto
131.308813 286.691153 137.308813 291.691153 137.000000 303.000000 curveto
135.202026 304.535366 133.202026 305.868699 131.000000 307.000000 curveto
130.948724 304.528220 131.615391 301.194887 133.000000 297.000000 curveto
124.793075 290.140263 117.793075 291.140263 112.000000 300.000000 curveto
112.117638 310.882328 116.117638 317.882328 124.000000 321.000000 curveto
133.689575 321.797898 142.022908 320.464564 149.000000 317.000000 curveto
151.451377 313.784697 153.784710 310.451364 156.000000 307.000000 curveto
149.544930 288.121721 136.878263 275.455054 118.000000 269.000000 curveto
102.890231 274.585636 96.223565 286.918970 98.000000 306.000000 curveto
101.388036 308.611993 105.054703 310.945326 109.000000 313.000000 curveto
105.457021 300.766676 108.790354 292.433342 119.000000 288.000000 curveto

290.000000 302.000000 moveto
307.334614 316.459868 314.667948 337.459868 312.000000 365.000000 curveto
305.861256 367.689408 300.861256 366.689408 297.000000 362.000000 curveto
285.331209 331.335422 265.331209 309.002089 237.000000 295.000000 curveto
233.326368 295.326376 230.659701 296.659709 229.000000 299.000000 curveto
226.990703 301.834535 226.324036 304.501202 227.000000 307.000000 curveto
260.039312 315.813283 277.372645 338.479950 279.000000 375.000000 curveto
270.460174 387.460170 262.460174 400.460170 255.000000 414.000000 curveto
265.078053 401.075413 277.411387 398.408746 292.000000 406.000000 curveto
280.240033 409.906699 270.906700 416.240032 264.000000 425.000000 curveto
267.307706 426.358996 270.974372 427.358996 275.000000 428.000000 curveto
283.696649 419.816033 293.029983 415.816033 303.000000 416.000000 curveto
286.425175 420.758519 277.758508 433.425186 277.000000 454.000000 curveto
279.000033 454.000054 281.000033 454.000054 283.000000 454.000000 curveto
285.014274 442.347602 290.347608 434.014268 299.000000 429.000000 curveto
316.149839 427.182527 333.816505 428.182527 352.000000 432.000000 curveto
355.476941 430.810278 358.810274 429.476944 362.000000 428.000000 curveto
360.105907 424.560814 357.772574 421.560814 355.000000 419.000000 curveto
345.229367 430.567321 334.896034 430.900654 324.000000 420.000000 curveto
320.431150 407.022381 324.097817 399.022381 335.000000 396.000000 curveto
332.821415 393.845222 330.488082 391.845222 328.000000 390.000000 curveto
337.923230 389.952645 348.589897 389.619312 360.000000 389.000000 curveto
350.451015 381.548963 340.784349 374.215630 331.000000 367.000000 curveto
326.064954 340.935137 317.731620 318.268470 306.000000 299.000000 curveto
299.903018 297.899988 294.569685 298.899988 290.000000 302.000000 curveto

274.000000 372.000000 moveto
274.205437 352.098485 267.872103 336.765152 255.000000 326.000000 curveto
250.840258 327.506918 247.506925 329.840252 245.000000 333.000000 curveto
234.233456 359.792546 235.233456 386.125879 248.000000 412.000000 curveto
258.879273 400.879262 267.545940 387.545928 274.000000 372.000000 curveto

348.000000 395.000000 moveto
379.277017 411.056367 410.610350 427.056367 442.000000 443.000000 curveto
421.935238 420.398096 396.268571 403.398096 365.000000 392.000000 curveto
359.082686 392.749350 353.416019 393.749350 348.000000 395.000000 curveto

135.000000 398.000000 moveto
134.826378 395.062469 133.826378 391.062469 132.000000 386.000000 curveto
106.298621 395.631956 81.965288 406.631956 59.000000 419.000000 curveto
85.096301 412.762968 110.429634 405.762968 135.000000 398.000000 curveto

345.000000 399.000000 moveto
362.684793 428.648591 394.018126 444.648591 439.000000 447.000000 curveto
408.500022 428.180400 377.166688 412.180400 345.000000 399.000000 curveto

155.000000 401.000000 moveto
159.009343 400.990724 161.676010 402.324057 163.000000 405.000000 curveto
159.033733 415.578029 154.700400 415.911363 150.000000 406.000000 curveto
151.565663 404.232339 153.232329 402.565673 155.000000 401.000000 curveto

141.000000 402.000000 moveto
142.083333 402.083333 142.416667 401.416667 142.000000 400.000000 curveto
114.276117 407.276092 87.276117 415.276092 61.000000 424.000000 curveto
87.621195 426.196455 111.954528 424.529788 134.000000 419.000000 curveto
135.874207 412.874215 138.207540 407.207548 141.000000 402.000000 curveto

338.000000 406.000000 moveto
341.250014 406.416683 343.583347 407.750016 345.000000 410.000000 curveto
341.593400 420.124534 337.593400 420.457867 333.000000 411.000000 curveto
334.565670 409.232339 336.232337 407.565673 338.000000 406.000000 curveto

280.000000 407.000000 moveto
281.083333 407.083333 281.416667 406.416667 281.000000 405.000000 curveto
267.671418 405.338079 260.004751 411.338079 258.000000 423.000000 curveto
265.070025 417.403376 272.403358 412.070043 280.000000 407.000000 curveto

143.000000 409.000000 moveto
144.333351 411.666716 145.666684 414.333383 147.000000 417.000000 curveto
163.649180 421.664321 171.315847 415.997654 170.000000 400.000000 curveto
167.127771 396.538873 162.461105 394.872206 156.000000 395.000000 curveto
149.441389 397.441384 145.108056 402.108051 143.000000 409.000000 curveto

211.000000 410.000000 moveto
217.918686 418.647300 228.252019 422.313967 242.000000 421.000000 curveto
235.314054 408.391899 224.980720 404.725233 211.000000 410.000000 curveto

325.000000 415.000000 moveto
326.797606 417.535698 328.130939 420.535698 329.000000 424.000000 curveto
334.033320 425.299983 339.699987 425.966650 346.000000 426.000000 curveto
347.633347 423.966683 349.633347 422.300017 352.000000 421.000000 curveto
351.522765 406.228400 344.856098 399.228400 332.000000 400.000000 curveto
327.434753 402.768080 325.101420 407.768080 325.000000 415.000000 curveto

254.000000 416.000000 moveto
255.028602 413.942907 255.028602 413.942907 254.000000 416.000000 curveto

194.000000 425.000000 moveto
199.914775 426.904736 199.914775 426.904736 194.000000 425.000000 curveto

230.000000 427.000000 moveto
243.777468 431.222520 258.444135 434.555853 274.000000 437.000000 curveto
274.250000 435.583333 274.916667 434.583333 276.000000 434.000000 curveto
261.650004 425.258052 246.316670 422.924719 230.000000 427.000000 curveto

211.000000 435.000000 moveto
210.927764 433.585133 209.261097 431.918466 206.000000 430.000000 curveto
189.881155 435.547822 177.547822 444.881155 169.000000 458.000000 curveto
173.817781 461.848898 180.484448 463.848898 189.000000 464.000000 curveto
190.707078 462.373756 191.707078 460.040422 192.000000 457.000000 curveto
188.116674 457.216685 184.783341 456.883351 182.000000 456.000000 curveto
188.325328 445.658659 197.991995 438.658659 211.000000 435.000000 curveto

258.000000 440.000000 moveto
260.333333 439.583333 260.333333 438.583333 258.000000 437.000000 curveto
255.108333 436.891667 252.441667 436.558333 250.000000 436.000000 curveto
239.238904 446.238898 225.238904 453.238898 208.000000 457.000000 curveto
206.412612 459.412642 205.412612 462.412642 205.000000 466.000000 curveto
226.793909 461.460575 244.460576 452.793908 258.000000 440.000000 curveto

159.000000 445.000000 moveto
157.347022 435.814281 152.347022 435.480947 144.000000 444.000000 curveto
144.210160 454.789792 146.543493 463.456459 151.000000 470.000000 curveto
155.105576 473.227701 159.438909 476.227701 164.000000 479.000000 curveto
193.054093 481.335601 205.054093 470.002268 200.000000 445.000000 curveto
198.666667 445.333333 197.333333 445.666667 196.000000 446.000000 curveto
198.057677 453.455092 197.391010 459.788425 194.000000 465.000000 curveto
189.598986 467.265636 185.598986 469.932303 182.000000 473.000000 curveto
163.152830 474.870625 152.152830 467.203958 149.000000 450.000000 curveto
152.215266 447.270798 155.548599 445.604131 159.000000 445.000000 curveto

205.000000 445.000000 moveto
206.566667 446.433333 207.233333 448.766667 207.000000 452.000000 curveto
225.652719 449.235672 227.319386 444.902339 212.000000 439.000000 curveto
208.738087 440.071411 206.404754 442.071411 205.000000 445.000000 curveto

290.000000 445.000000 moveto
293.826365 446.840242 296.826365 449.506909 299.000000 453.000000 curveto
282.575866 459.940237 267.575866 458.606903 254.000000 449.000000 curveto
251.178561 450.511887 248.511895 452.178553 246.000000 454.000000 curveto
263.759573 464.041441 283.759573 465.708108 306.000000 459.000000 curveto
309.410272 457.743612 311.743605 455.410279 313.000000 452.000000 curveto
307.607819 446.392121 300.274486 442.725455 291.000000 441.000000 curveto
290.666667 442.333333 290.333333 443.666667 290.000000 445.000000 curveto

325.000000 446.000000 moveto
327.301607 446.365106 328.968274 447.365106 330.000000 449.000000 curveto
325.978320 467.694753 315.311654 473.028086 298.000000 465.000000 curveto
294.333322 465.666648 290.666655 466.333315 287.000000 467.000000 curveto
290.261099 470.072204 294.261099 472.405537 299.000000 474.000000 curveto
322.468070 477.086057 334.801404 467.419390 336.000000 445.000000 curveto
334.232336 443.434361 332.565670 441.767694 331.000000 440.000000 curveto
320.983408 441.726668 318.983408 443.726668 325.000000 446.000000 curveto

259.000000 447.000000 moveto
263.265648 449.400976 267.932315 451.400976 273.000000 453.000000 curveto
271.748055 438.577494 267.081388 436.577494 259.000000 447.000000 curveto

292.000000 452.000000 moveto
288.988256 451.247090 288.988256 451.247090 292.000000 452.000000 curveto
fill
showpage