%!PS-Adobe-3.0 EPSF-3.0
%%BoundingBox: 0 0 500 500
0.1 setlinewidth

445.000000 2.000000 moveto
447.057196 3.028572 447.057196 3.028572 445.000000 2.000000 curveto

173.000000 15.000000 moveto
167.872026 28.946794 156.538693 44.280127 139.000000 61.000000 curveto
172.645778 48.861275 199.979111 49.861275 221.000000 64.000000 curveto
199.640465 68.958420 175.973798 73.291753 150.000000 77.000000 curveto
181.479917 78.662369 202.479917 86.995702 213.000000 102.000000 curveto
187.870739 100.185320 158.537406 96.851987 125.000000 92.000000 curveto
114.566653 111.777424 112.233319 133.777424 118.000000 158.000000 curveto
149.837324 171.391516 172.837324 156.058183 187.000000 112.000000 curveto
202.738749 125.594612 217.738749 139.927946 232.000000 155.000000 curveto
255.564315 139.564302 276.564315 121.564302 295.000000 101.000000 curveto
318.462751 138.692139 343.796084 147.692139 371.000000 128.000000 curveto
367.750851 119.249168 363.417518 111.582501 358.000000 105.000000 curveto
317.924129 101.789172 283.590795 96.789172 255.000000 90.000000 curveto
267.866732 84.053422 284.866732 80.386756 306.000000 79.000000 curveto
287.474995 74.858312 271.141662 68.524979 257.000000 60.000000 curveto
286.007795 49.985984 316.007795 54.319317 347.000000 73.000000 curveto
334.134363 51.269195 325.134363 33.269195 320.000000 19.000000 curveto
353.442220 55.891104 391.775553 87.891104 435.000000 115.000000 curveto
416.792854 117.965108 398.126188 114.631775 379.000000 105.000000 curveto
394.460439 126.206211 411.793773 145.539545 431.000000 163.000000 curveto
446.636614 266.760639 407.303281 313.093972 313.000000 302.000000 curveto
322.881295 320.118668 330.214628 340.785334 335.000000 364.000000 curveto
378.780103 387.886587 417.446769 416.886587 451.000000 451.000000 curveto
397.086316 436.538641 345.752983 431.538641 297.000000 436.000000 curveto
317.274352 445.682614 319.607686 455.015948 304.000000 464.000000 curveto
318.697361 461.146390 325.364028 451.479723 324.000000 435.000000 curveto
338.800527 436.443424 343.800527 444.776758 339.000000 460.000000 curveto
311.377356 481.952598 279.710689 480.619264 244.000000 456.000000 curveto
190.539034 493.419411 156.205701 488.086077 141.000000 440.000000 curveto
145.509584 434.484051 151.842917 432.150718 160.000000 433.000000 curveto
153.114401 454.981415 160.447734 466.648081 182.000000 468.000000 curveto
162.196613 460.476064 162.529946 450.142731 183.000000 437.000000 curveto
143.879760 426.216595 97.879760 422.216595 45.000000 425.000000 curveto
90.125628 401.125642 134.458961 376.458975 178.000000 351.000000 curveto
183.471295 337.137953 188.804628 323.137953 194.000000 309.000000 curveto
173.479236 321.585977 148.479236 326.585977 119.000000 324.000000 curveto
48.140705 268.990001 39.807372 204.990001 94.000000 132.000000 curveto
96.213678 119.163821 98.880345 105.497154 102.000000 91.000000 curveto
87.345472 111.085181 71.012138 118.085181 53.000000 112.000000 curveto
88.753218 74.556433 128.753218 42.223100 173.000000 15.000000 curveto

158.000000 31.000000 moveto
146.536672 30.291355 146.536672 30.291355 158.000000 31.000000 curveto

330.000000 34.000000 moveto
339.058945 32.999311 339.058945 32.999311 330.000000 34.000000 curveto

340.000000 37.000000 moveto
341.066680 35.933335 341.066680 35.933335 340.000000 37.000000 curveto

150.000000 39.000000 moveto
137.629889 40.433729 137.629889 40.433729 150.000000 39.000000 curveto

336.000000 43.000000 moveto
348.411658 46.630874 348.411658 46.630874 336.000000 43.000000 curveto

141.000000 51.000000 moveto
114.059044 55.551979 117.725710 68.551979 152.000000 90.000000 curveto
133.851548 70.264058 130.184881 57.264058 141.000000 51.000000 curveto

344.000000 55.000000 moveto
358.103899 60.701581 358.103899 60.701581 344.000000 55.000000 curveto

291.000000 58.000000 moveto
291.697476 72.198078 298.697476 74.531412 312.000000 65.000000 curveto
310.295592 81.109612 317.295592 83.109612 333.000000 71.000000 curveto
318.608456 61.597010 301.275123 56.930344 281.000000 57.000000 curveto
283.475513 68.027783 286.808846 68.361116 291.000000 58.000000 curveto

176.000000 59.000000 moveto
180.645947 65.376806 180.645947 65.376806 176.000000 59.000000 curveto

161.000000 60.000000 moveto
173.139941 71.403912 188.139941 71.070579 206.000000 59.000000 curveto
190.249716 54.620050 175.249716 54.953383 161.000000 60.000000 curveto

142.000000 66.000000 moveto
162.428919 66.757744 162.428919 66.757744 142.000000 66.000000 curveto

350.000000 69.000000 moveto
350.509831 76.166672 344.843165 77.500006 333.000000 73.000000 curveto
328.929216 97.926470 339.929216 98.593137 366.000000 75.000000 curveto
362.001465 65.525024 356.668132 63.525024 350.000000 69.000000 curveto

105.000000 75.000000 moveto
131.572363 90.531161 136.239029 87.864494 119.000000 67.000000 curveto
113.604545 68.937882 108.937878 71.604549 105.000000 75.000000 curveto

95.000000 80.000000 moveto
101.446424 86.846425 109.113091 92.179758 118.000000 96.000000 curveto
114.418166 74.690980 103.084833 71.357646 84.000000 86.000000 curveto
91.555563 95.209157 95.222229 93.209157 95.000000 80.000000 curveto

284.000000 86.000000 moveto
297.217647 85.752299 293.550980 87.418966 273.000000 91.000000 curveto
279.536207 96.302269 283.202874 94.635603 284.000000 86.000000 curveto

317.000000 86.000000 moveto
298.898517 88.903981 298.898517 88.903981 317.000000 86.000000 curveto

175.000000 87.000000 moveto
174.682253 87.383551 167.682253 86.383551 154.000000 84.000000 curveto
178.140284 93.653494 185.140284 94.653494 175.000000 87.000000 curveto

331.000000 90.000000 moveto
318.755099 92.360943 318.755099 92.360943 331.000000 90.000000 curveto

370.000000 90.000000 moveto
364.435472 91.935289 363.435472 98.935289 367.000000 111.000000 curveto
380.793405 100.107702 397.126739 100.441035 416.000000 112.000000 curveto
389.322646 79.066463 365.322646 74.733129 344.000000 99.000000 curveto
354.668171 99.083345 363.334838 96.083345 370.000000 90.000000 curveto

199.000000 93.000000 moveto
187.429323 89.824590 187.429323 89.824590 199.000000 93.000000 curveto

382.000000 94.000000 moveto
369.823945 102.830206 369.823945 102.830206 382.000000 94.000000 curveto

86.000000 97.000000 moveto
77.276510 94.799119 77.276510 94.799119 86.000000 97.000000 curveto

116.000000 100.000000 moveto
101.664640 99.165499 100.331306 105.832166 112.000000 120.000000 curveto
113.166380 113.166380 114.499714 106.499713 116.000000 100.000000 curveto

80.000000 105.000000 moveto
72.772204 103.554444 72.772204 103.554444 80.000000 105.000000 curveto

369.000000 115.000000 moveto
379.091743 116.348469 379.091743 116.348469 369.000000 115.000000 curveto

293.000000 117.000000 moveto
300.763533 127.513929 310.430200 137.847262 322.000000 148.000000 curveto
322.672462 131.970469 313.005795 118.303803 293.000000 107.000000 curveto
293.000012 110.333338 293.000012 113.666671 293.000000 117.000000 curveto

283.000000 120.000000 moveto
292.265815 130.126858 294.599148 126.460192 290.000000 109.000000 curveto
287.610959 112.610947 285.277626 116.277614 283.000000 120.000000 curveto

110.000000 127.000000 moveto
97.074740 122.494053 96.408073 126.827386 108.000000 140.000000 curveto
87.640593 145.648368 89.307259 150.648368 113.000000 155.000000 curveto
110.579160 147.087492 109.579160 137.754158 110.000000 127.000000 curveto

375.000000 127.000000 moveto
387.570138 136.035836 387.570138 136.035836 375.000000 127.000000 curveto

278.000000 130.000000 moveto
289.284511 128.039214 289.284511 128.039214 278.000000 130.000000 curveto

389.000000 130.000000 moveto
407.802708 154.374307 410.802708 183.707640 398.000000 218.000000 curveto
424.417642 181.440011 421.417642 152.106678 389.000000 130.000000 curveto

182.000000 131.000000 moveto
182.171285 148.089525 187.171285 148.422859 197.000000 132.000000 curveto
192.221925 156.576649 196.221925 160.909982 209.000000 145.000000 curveto
194.409445 176.711852 200.076111 199.045185 226.000000 212.000000 curveto
209.510659 184.934157 216.177325 169.934157 246.000000 167.000000 curveto
223.067046 150.398438 209.067046 157.731771 204.000000 189.000000 curveto
218.812805 156.309048 213.146138 132.309048 187.000000 117.000000 curveto
183.855548 120.188884 182.188882 124.855551 182.000000 131.000000 curveto

267.000000 141.000000 moveto
271.420433 144.246201 275.753766 147.579534 280.000000 151.000000 curveto
282.806658 131.032816 278.473325 127.699483 267.000000 141.000000 curveto

88.000000 143.000000 moveto
89.066670 141.933339 89.066670 141.933339 88.000000 143.000000 curveto

382.000000 145.000000 moveto
390.714816 149.136179 392.048149 159.136179 386.000000 175.000000 curveto
391.800500 166.992576 397.133833 165.659243 402.000000 171.000000 curveto
401.473067 148.674092 394.806400 140.007425 382.000000 145.000000 curveto

172.000000 146.000000 moveto
180.499167 157.857500 182.832500 152.524167 179.000000 130.000000 curveto
176.666653 135.333322 174.333319 140.666656 172.000000 146.000000 curveto

247.000000 149.000000 moveto
262.001841 152.550124 272.001841 159.216791 277.000000 169.000000 curveto
265.778218 154.045022 252.778218 149.378356 238.000000 155.000000 curveto
250.980464 159.167818 253.313797 169.167818 245.000000 185.000000 curveto
256.317701 172.902044 266.651034 171.568711 276.000000 181.000000 curveto
282.170819 148.942137 272.504153 138.275471 247.000000 149.000000 curveto

339.000000 150.000000 moveto
325.902040 140.313672 323.568707 145.647005 332.000000 166.000000 curveto
334.246185 160.579533 336.579519 155.246200 339.000000 150.000000 curveto

370.000000 150.000000 moveto
381.790671 152.925117 384.790671 161.925117 379.000000 177.000000 curveto
384.674205 161.934413 382.674205 146.934413 373.000000 132.000000 curveto
362.123886 143.457219 353.457219 157.123886 347.000000 173.000000 curveto
354.340442 165.007099 362.007108 157.340433 370.000000 150.000000 curveto

354.000000 153.000000 moveto
354.344431 149.766661 350.677764 148.433327 343.000000 149.000000 curveto
332.244055 181.894744 335.910722 183.228078 354.000000 153.000000 curveto

176.000000 161.000000 moveto
176.566660 156.666661 175.233326 152.333327 172.000000 148.000000 curveto
164.624097 166.377944 165.957431 170.711277 176.000000 161.000000 curveto

120.000000 164.000000 moveto
121.066671 162.933340 121.066671 162.933340 120.000000 164.000000 curveto

99.000000 165.000000 moveto
121.120971 165.383338 120.120971 162.716672 96.000000 157.000000 curveto
94.520826 164.743043 95.520826 167.409709 99.000000 165.000000 curveto

121.000000 166.000000 moveto
137.255458 178.522239 154.255458 190.855572 172.000000 203.000000 curveto
162.509659 191.173455 150.176326 185.840122 135.000000 187.000000 curveto
134.932010 202.733804 139.598677 216.733804 149.000000 229.000000 curveto
157.189060 229.620139 167.855727 228.286806 181.000000 225.000000 curveto
178.099573 203.443879 169.766240 185.443879 156.000000 171.000000 curveto
159.664832 173.888275 164.664832 177.221608 171.000000 181.000000 curveto
170.595235 174.258238 168.261901 168.258238 164.000000 163.000000 curveto
148.937944 175.502345 134.604611 176.502345 121.000000 166.000000 curveto

378.000000 166.000000 moveto
379.785372 160.776069 379.118705 156.109402 376.000000 152.000000 curveto
357.559891 161.380187 343.559891 177.046854 334.000000 199.000000 curveto
353.434534 186.301196 359.767868 193.634529 353.000000 221.000000 curveto
366.696687 208.030013 375.030020 189.696680 378.000000 166.000000 curveto

421.000000 168.000000 moveto
415.762053 187.433953 413.428720 206.100620 414.000000 224.000000 curveto
436.748682 208.380641 439.415349 186.380641 422.000000 158.000000 curveto
420.750017 160.416673 420.416683 163.750006 421.000000 168.000000 curveto

90.000000 176.000000 moveto
91.929835 164.350896 91.263169 153.350896 88.000000 143.000000 curveto
69.927315 167.312963 74.593981 185.646296 102.000000 198.000000 curveto
93.998517 189.012202 89.998517 181.678869 90.000000 176.000000 curveto

236.000000 176.000000 moveto
219.997840 194.956054 219.997840 194.956054 236.000000 176.000000 curveto

197.000000 178.000000 moveto
193.487816 148.636207 186.154483 148.636207 175.000000 178.000000 curveto
175.697407 198.302581 180.364074 214.635915 189.000000 227.000000 curveto
203.224732 239.441954 219.224732 250.108621 237.000000 259.000000 curveto
283.880362 248.547030 315.213695 222.547030 331.000000 181.000000 curveto
324.953112 159.046861 313.619779 142.380195 297.000000 131.000000 curveto
274.426948 162.867360 278.760281 185.534027 310.000000 199.000000 curveto
297.240818 205.131843 284.240818 204.798510 271.000000 198.000000 curveto
278.986784 209.207680 290.320117 215.541014 305.000000 217.000000 curveto
291.746295 228.399859 277.412962 227.733192 262.000000 215.000000 curveto
260.745745 224.418611 267.745745 230.085278 283.000000 232.000000 curveto
264.494677 241.791779 244.494677 246.791779 223.000000 247.000000 curveto
230.641840 241.135993 235.308507 234.135993 237.000000 226.000000 curveto
211.853434 244.646797 207.186767 241.313463 223.000000 216.000000 curveto
214.020806 222.248497 203.020806 223.915164 190.000000 221.000000 curveto
203.497498 213.447530 205.830831 199.114196 197.000000 178.000000 curveto

378.000000 179.000000 moveto
379.028617 176.942878 379.028617 176.942878 378.000000 179.000000 curveto

342.000000 180.000000 moveto
342.000014 178.989906 342.000014 178.989906 342.000000 180.000000 curveto

98.000000 181.000000 moveto
105.084248 202.582424 119.750914 216.582424 142.000000 223.000000 curveto
139.604462 193.915595 125.937796 175.582262 101.000000 168.000000 curveto
99.058830 171.392169 98.058830 175.725502 98.000000 181.000000 curveto

402.000000 182.000000 moveto
403.007041 176.965056 403.007041 176.965056 402.000000 182.000000 curveto

340.000000 184.000000 moveto
335.154579 190.162184 335.154579 190.162184 340.000000 184.000000 curveto

261.000000 185.000000 moveto
271.091819 193.908745 283.425152 198.908745 298.000000 200.000000 curveto
284.876138 186.723654 272.542805 181.723654 261.000000 185.000000 curveto

376.000000 186.000000 moveto
377.066682 184.933341 377.066682 184.933341 376.000000 186.000000 curveto

232.000000 194.000000 moveto
255.157663 193.948718 255.157663 193.948718 232.000000 194.000000 curveto

267.000000 194.000000 moveto
250.486841 214.535861 250.486841 214.535861 267.000000 194.000000 curveto

334.000000 195.000000 moveto
335.066680 193.933341 335.066680 193.933341 334.000000 195.000000 curveto

400.000000 195.000000 moveto
401.268797 186.333324 400.602131 177.666658 398.000000 169.000000 curveto
382.633644 180.966978 370.633644 196.300311 362.000000 215.000000 curveto
379.459389 203.205272 386.459389 208.538605 383.000000 231.000000 curveto
381.384585 225.134598 381.051252 218.467931 382.000000 211.000000 curveto
349.573043 218.046294 342.573043 231.712961 361.000000 252.000000 curveto
382.928008 241.928026 395.928008 222.928026 400.000000 195.000000 curveto

73.000000 197.000000 moveto
80.267746 221.843391 96.601079 237.510057 122.000000 244.000000 curveto
112.513780 217.436082 96.513780 197.102749 74.000000 183.000000 curveto
73.264877 187.264870 72.931543 191.931536 73.000000 197.000000 curveto

354.000000 202.000000 moveto
345.133796 192.343862 333.467129 198.343862 319.000000 220.000000 curveto
327.945187 223.054835 335.945187 227.054835 343.000000 232.000000 curveto
348.760861 224.652621 352.427527 214.652621 354.000000 202.000000 curveto

240.000000 207.000000 moveto
233.328599 207.346591 224.995265 216.679924 215.000000 235.000000 curveto
228.644189 232.723554 236.977522 223.390220 240.000000 207.000000 curveto

265.000000 211.000000 moveto
272.030941 218.628563 281.697608 221.961896 294.000000 221.000000 curveto
282.921017 209.114353 273.254351 205.781019 265.000000 211.000000 curveto

214.000000 212.000000 moveto
200.638604 218.930789 200.638604 218.930789 214.000000 212.000000 curveto

108.000000 216.000000 moveto
113.733587 231.599774 122.733587 243.933107 135.000000 253.000000 curveto
152.733780 227.971145 143.733780 215.637812 108.000000 216.000000 curveto

60.000000 218.000000 moveto
60.501426 235.165249 65.834760 247.498583 76.000000 255.000000 curveto
72.745206 233.052791 70.411873 208.386124 69.000000 181.000000 curveto
62.237355 189.570694 59.237355 201.904028 60.000000 218.000000 curveto

238.000000 222.000000 moveto
246.852338 230.948377 258.185672 235.615044 272.000000 236.000000 curveto
259.366292 222.297478 248.032958 217.630811 238.000000 222.000000 curveto

411.000000 224.000000 moveto
411.769251 221.097447 411.102584 217.764113 409.000000 214.000000 curveto
382.550228 230.040571 379.883562 243.707238 401.000000 255.000000 curveto
404.967841 245.301181 408.301174 234.967848 411.000000 224.000000 curveto

431.000000 225.000000 moveto
410.390814 223.586560 403.724147 239.586560 411.000000 273.000000 curveto
420.814375 260.147721 427.481041 244.147721 431.000000 225.000000 curveto

91.000000 233.000000 moveto
101.016346 249.316986 114.349679 262.316986 131.000000 272.000000 curveto
130.110164 245.293246 116.776831 232.293246 91.000000 233.000000 curveto

247.000000 236.000000 moveto
233.330174 241.577017 233.330174 241.577017 247.000000 236.000000 curveto

75.000000 245.000000 moveto
80.859202 258.140825 88.192536 269.807492 97.000000 280.000000 curveto
110.794215 263.880731 104.794215 245.214064 79.000000 224.000000 curveto
74.862173 228.195494 73.528840 235.195494 75.000000 245.000000 curveto

122.000000 245.000000 moveto
124.285722 244.746046 124.285722 244.746046 122.000000 245.000000 curveto

302.000000 253.000000 moveto
315.614404 251.052308 323.281071 255.052308 325.000000 265.000000 curveto
298.954893 273.621559 275.621560 284.954893 255.000000 299.000000 curveto
284.810152 298.413154 322.476819 300.079821 368.000000 304.000000 curveto
359.550682 300.782703 353.217349 295.449370 349.000000 288.000000 curveto
347.197594 273.465059 350.197594 262.131726 358.000000 254.000000 curveto
324.453679 220.731155 286.120346 223.397822 243.000000 262.000000 curveto
261.103934 266.288650 280.770601 263.288650 302.000000 253.000000 curveto

76.000000 256.000000 moveto
77.066670 254.933343 77.066670 254.933343 76.000000 256.000000 curveto

70.000000 258.000000 moveto
75.619298 273.714063 83.285965 287.380730 93.000000 299.000000 curveto
94.295408 274.634102 86.628741 260.967436 70.000000 258.000000 curveto

174.000000 261.000000 moveto
213.833631 272.251508 248.166965 278.584841 277.000000 280.000000 curveto
240.478818 259.121045 203.145484 242.787712 165.000000 231.000000 curveto
148.345563 239.012224 138.678896 254.012224 136.000000 276.000000 curveto
157.439809 285.183728 163.106476 299.517061 153.000000 319.000000 curveto
177.798525 315.798518 196.131858 306.131851 208.000000 290.000000 curveto
173.121079 287.731996 161.787746 278.065330 174.000000 261.000000 curveto

379.000000 264.000000 moveto
390.969995 265.363362 397.636661 272.030028 399.000000 284.000000 curveto
407.444375 266.349894 399.444375 253.349894 375.000000 245.000000 curveto
344.663928 272.588718 347.330595 289.922051 383.000000 297.000000 curveto
390.639304 293.972635 394.305971 286.972635 394.000000 276.000000 curveto
380.363742 264.947977 374.030409 267.281310 375.000000 283.000000 curveto
365.190103 276.125764 366.523436 269.792430 379.000000 264.000000 curveto

239.000000 282.000000 moveto
237.053021 279.522716 232.719688 277.522716 226.000000 276.000000 curveto
199.985371 317.985363 170.318705 356.318696 137.000000 391.000000 curveto
156.253231 390.014528 168.586564 396.014528 174.000000 409.000000 curveto
163.063671 425.511916 151.397005 426.178583 139.000000 411.000000 curveto
153.177973 426.798936 171.511307 433.132269 194.000000 430.000000 curveto
188.108055 425.926732 184.441388 421.260065 183.000000 416.000000 curveto
204.906831 428.787147 223.240164 436.787147 238.000000 440.000000 curveto
226.846117 429.487216 215.846117 418.820549 205.000000 408.000000 curveto
223.884890 400.432241 238.884890 405.098908 250.000000 422.000000 curveto
228.371922 386.636690 228.371922 353.303356 250.000000 322.000000 curveto
234.343340 325.079670 219.676673 339.413003 206.000000 365.000000 curveto
199.839931 334.052852 210.839931 306.386185 239.000000 282.000000 curveto

119.000000 288.000000 moveto
136.681832 289.958907 140.681832 296.292240 131.000000 307.000000 curveto
131.148631 291.390032 124.815297 289.056699 112.000000 300.000000 curveto
112.117638 310.882328 116.117638 317.882328 124.000000 321.000000 curveto
162.163902 308.489562 160.163902 291.156229 118.000000 269.000000 curveto
95.360335 281.848210 92.360335 296.514877 109.000000 313.000000 curveto
105.457021 300.766676 108.790354 292.433342 119.000000 288.000000 curveto

290.000000 302.000000 moveto
307.334614 316.459868 314.667948 337.459868 312.000000 365.000000 curveto
305.861256 367.689408 300.861256 366.689408 297.000000 362.000000 curveto
283.988524 323.862440 261.321857 302.862440 229.000000 299.000000 curveto
226.990703 301.834535 226.324036 304.501202 227.000000 307.000000 curveto
280.042706 330.785221 289.376039 366.451887 255.000000 414.000000 curveto
265.078053 401.075413 277.411387 398.408746 292.000000 406.000000 curveto
280.240033 409.906699 270.906700 416.240032 264.000000 425.000000 curveto
278.017528 424.086803 291.017528 421.086803 303.000000 416.000000 curveto
286.425175 420.758519 277.758508 433.425186 277.000000 454.000000 curveto
295.365692 431.497652 323.699025 422.830985 362.000000 428.000000 curveto
352.365350 426.646187 339.698683 423.979520 324.000000 420.000000 curveto
319.744962 395.158983 331.744962 384.825650 360.000000 389.000000 curveto
334.360727 366.639241 316.360727 336.639241 306.000000 299.000000 curveto
299.903018 297.899988 294.569685 298.899988 290.000000 302.000000 curveto

274.000000 372.000000 moveto
274.205437 352.098485 267.872103 336.765152 255.000000 326.000000 curveto
233.552175 349.222772 231.218842 377.889439 248.000000 412.000000 curveto
258.879273 400.879262 267.545940 387.545928 274.000000 372.000000 curveto

348.000000 395.000000 moveto
379.277017 411.056367 410.610350 427.056367 442.000000 443.000000 curveto
419.775161 412.634449 388.441828 396.634449 348.000000 395.000000 curveto

135.000000 398.000000 moveto
134.826378 395.062469 133.826378 391.062469 132.000000 386.000000 curveto
106.298621 395.631956 81.965288 406.631956 59.000000 419.000000 curveto
85.096301 412.762968 110.429634 405.762968 135.000000 398.000000 curveto

345.000000 399.000000 moveto
362.684793 428.648591 394.018126 444.648591 439.000000 447.000000 curveto
408.500022 428.180400 377.166688 412.180400 345.000000 399.000000 curveto

155.000000 401.000000 moveto
158.116532 413.658513 158.116532 413.658513 155.000000 401.000000 curveto

141.000000 402.000000 moveto
116.870593 406.036775 90.203926 413.370108 61.000000 424.000000 curveto
100.783269 431.456518 127.449936 424.123184 141.000000 402.000000 curveto

338.000000 406.000000 moveto
340.209248 418.296951 340.209248 418.296951 338.000000 406.000000 curveto

280.000000 407.000000 moveto
256.411125 418.416330 256.411125 418.416330 280.000000 407.000000 curveto

143.000000 409.000000 moveto
169.155213 419.037157 173.488546 414.370490 156.000000 395.000000 curveto
149.441389 397.441384 145.108056 402.108051 143.000000 409.000000 curveto

211.000000 410.000000 moveto
242.195029 418.873360 242.195029 418.873360 211.000000 410.000000 curveto

325.000000 415.000000 moveto
352.580938 424.595003 354.914272 419.595003 332.000000 400.000000 curveto
327.434753 402.768080 325.101420 407.768080 325.000000 415.000000 curveto

254.000000 416.000000 moveto
255.028602 413.942907 255.028602 413.942907 254.000000 416.000000 curveto

194.000000 425.000000 moveto
199.914775 426.904736 199.914775 426.904736 194.000000 425.000000 curveto

230.000000 427.000000 moveto
246.384487 433.707478 261.717820 436.040811 276.000000 434.000000 curveto
261.650004 425.258052 246.316670 422.924719 230.000000 427.000000 curveto

211.000000 435.000000 moveto
195.597187 430.924475 181.597187 438.591141 169.000000 458.000000 curveto
173.817781 461.848898 180.484448 463.848898 189.000000 464.000000 curveto
182.358736 451.797632 189.692069 442.130966 211.000000 435.000000 curveto

258.000000 440.000000 moveto
241.124630 438.643463 223.457963 447.310130 205.000000 466.000000 curveto
226.793909 461.460575 244.460576 452.793908 258.000000 440.000000 curveto

159.000000 445.000000 moveto
157.347022 435.814281 152.347022 435.480947 144.000000 444.000000 curveto
166.877440 489.568998 185.544107 489.902332 200.000000 445.000000 curveto
186.342888 478.493493 169.342888 480.160159 149.000000 450.000000 curveto
152.215266 447.270798 155.548599 445.604131 159.000000 445.000000 curveto

205.000000 445.000000 moveto
223.913414 446.182051 223.913414 446.182051 205.000000 445.000000 curveto

290.000000 445.000000 moveto
293.826365 446.840242 296.826365 449.506909 299.000000 453.000000 curveto
278.568921 455.264278 260.902255 455.597612 246.000000 454.000000 curveto
270.153805 467.245230 292.487138 466.578563 313.000000 452.000000 curveto
304.991027 443.056879 297.324360 440.723546 290.000000 445.000000 curveto

325.000000 446.000000 moveto
328.777700 464.716312 316.111033 471.716312 287.000000 467.000000 curveto
320.019133 479.899235 334.685799 470.899235 331.000000 440.000000 curveto
320.983408 441.726668 318.983408 443.726668 325.000000 446.000000 curveto

259.000000 447.000000 moveto
275.005484 445.332754 275.005484 445.332754 259.000000 447.000000 curveto

292.000000 452.000000 moveto
288.988256 451.247090 288.988256 451.247090 292.000000 452.000000 curveto
fill
showpage