%!PS-Adobe-3.0 EPSF-3.0
%%BoundingBox: 0 0 500 500
0.1 setlinewidth

445.000000 2.000000 moveto
447.057196 3.028572 447.057196 3.028572 445.000000 2.000000 curveto

173.000000 15.000000 moveto
139.821073 47.557103 155.821073 63.890436 221.000000 64.000000 curveto
157.727118 68.149930 155.060451 80.816597 213.000000 102.000000 curveto
146.549292 78.580833 114.882625 97.247500 118.000000 158.000000 curveto
198.819908 133.385500 283.153241 123.385500 371.000000 128.000000 curveto
283.879557 98.093147 262.212890 81.759813 306.000000 79.000000 curveto
254.957256 51.512147 268.623923 49.512147 347.000000 73.000000 curveto
334.134363 51.269195 325.134363 33.269195 320.000000 19.000000 curveto
353.442220 55.891104 391.775553 87.891104 435.000000 115.000000 curveto
416.792854 117.965108 398.126188 114.631775 379.000000 105.000000 curveto
466.469663 217.158272 444.469663 282.824939 313.000000 302.000000 curveto
344.971919 365.694675 390.971919 415.361341 451.000000 451.000000 curveto
318.375967 430.980826 281.042634 433.980826 339.000000 460.000000 curveto
254.157051 492.314859 188.157051 485.648192 141.000000 440.000000 curveto
160.799049 465.492408 174.799049 464.492408 183.000000 437.000000 curveto
143.879760 426.216595 97.879760 422.216595 45.000000 425.000000 curveto
111.927288 403.593951 161.593955 364.927284 194.000000 309.000000 curveto
58.544505 309.712069 27.877839 237.045402 102.000000 91.000000 curveto
87.345472 111.085181 71.012138 118.085181 53.000000 112.000000 curveto
88.753218 74.556433 128.753218 42.223100 173.000000 15.000000 curveto

158.000000 31.000000 moveto
146.536672 30.291355 146.536672 30.291355 158.000000 31.000000 curveto

330.000000 34.000000 moveto
339.058945 32.999311 339.058945 32.999311 330.000000 34.000000 curveto

340.000000 37.000000 moveto
341.066680 35.933335 341.066680 35.933335 340.000000 37.000000 curveto

150.000000 39.000000 moveto
137.629889 40.433729 137.629889 40.433729 150.000000 39.000000 curveto

336.000000 43.000000 moveto
348.411658 46.630874 348.411658 46.630874 336.000000 43.000000 curveto

141.000000 51.000000 moveto
129.009016 82.361789 129.009016 82.361789 141.000000 51.000000 curveto

344.000000 55.000000 moveto
358.103899 60.701581 358.103899 60.701581 344.000000 55.000000 curveto

291.000000 58.000000 moveto
318.743489 75.714688 318.743489 75.714688 291.000000 58.000000 curveto

176.000000 59.000000 moveto
180.645947 65.376806 180.645947 65.376806 176.000000 59.000000 curveto

161.000000 60.000000 moveto
204.089403 63.362317 204.089403 63.362317 161.000000 60.000000 curveto

142.000000 66.000000 moveto
162.428919 66.757744 162.428919 66.757744 142.000000 66.000000 curveto

350.000000 69.000000 moveto
341.071944 91.651419 341.071944 91.651419 350.000000 69.000000 curveto

105.000000 75.000000 moveto
136.118268 81.192884 136.118268 81.192884 105.000000 75.000000 curveto

95.000000 80.000000 moveto
108.960089 90.878869 108.960089 90.878869 95.000000 80.000000 curveto

284.000000 86.000000 moveto
286.025329 91.525867 286.025329 91.525867 284.000000 86.000000 curveto

317.000000 86.000000 moveto
298.898517 88.903981 298.898517 88.903981 317.000000 86.000000 curveto

175.000000 87.000000 moveto
167.579261 90.180320 167.579261 90.180320 175.000000 87.000000 curveto

331.000000 90.000000 moveto
318.755099 92.360943 318.755099 92.360943 331.000000 90.000000 curveto

370.000000 90.000000 moveto
361.202734 100.978732 376.536067 108.312065 416.000000 112.000000 curveto
362.665286 87.251393 347.331952 79.918059 370.000000 90.000000 curveto

199.000000 93.000000 moveto
187.429323 89.824590 187.429323 89.824590 199.000000 93.000000 curveto

382.000000 94.000000 moveto
369.823945 102.830206 369.823945 102.830206 382.000000 94.000000 curveto

86.000000 97.000000 moveto
77.276510 94.799119 77.276510 94.799119 86.000000 97.000000 curveto

116.000000 100.000000 moveto
101.960246 114.193625 101.960246 114.193625 116.000000 100.000000 curveto

80.000000 105.000000 moveto
72.772204 103.554444 72.772204 103.554444 80.000000 105.000000 curveto

369.000000 115.000000 moveto
379.091743 116.348469 379.091743 116.348469 369.000000 115.000000 curveto

293.000000 117.000000 moveto
324.470359 139.445310 324.470359 139.445310 293.000000 117.000000 curveto

283.000000 120.000000 moveto
294.836606 118.632947 294.836606 118.632947 283.000000 120.000000 curveto

110.000000 127.000000 moveto
96.642181 151.215529 96.642181 151.215529 110.000000 127.000000 curveto

375.000000 127.000000 moveto
387.570138 136.035836 387.570138 136.035836 375.000000 127.000000 curveto

278.000000 130.000000 moveto
289.284511 128.039214 289.284511 128.039214 278.000000 130.000000 curveto

389.000000 130.000000 moveto
407.802708 154.374307 410.802708 183.707640 398.000000 218.000000 curveto
424.417642 181.440011 421.417642 152.106678 389.000000 130.000000 curveto

182.000000 131.000000 moveto
188.279392 139.271492 202.946059 166.271492 226.000000 212.000000 curveto
234.268908 155.725603 226.935574 148.058936 204.000000 189.000000 curveto
215.819287 139.664949 208.485954 120.331616 182.000000 131.000000 curveto

267.000000 141.000000 moveto
284.949209 139.513234 284.949209 139.513234 267.000000 141.000000 curveto

88.000000 143.000000 moveto
89.066670 141.933339 89.066670 141.933339 88.000000 143.000000 curveto

382.000000 145.000000 moveto
401.932465 169.631302 401.932465 169.631302 382.000000 145.000000 curveto

172.000000 146.000000 moveto
183.196611 141.693619 183.196611 141.693619 172.000000 146.000000 curveto

247.000000 149.000000 moveto
281.307165 161.244251 278.307165 163.244251 238.000000 155.000000 curveto
276.826936 179.087573 279.826936 177.087573 247.000000 149.000000 curveto

339.000000 150.000000 moveto
324.091012 154.977420 324.091012 154.977420 339.000000 150.000000 curveto

370.000000 150.000000 moveto
367.157383 162.287316 367.157383 162.287316 370.000000 150.000000 curveto

354.000000 153.000000 moveto
331.647391 174.984142 331.647391 174.984142 354.000000 153.000000 curveto

176.000000 161.000000 moveto
166.169419 158.228003 166.169419 158.228003 176.000000 161.000000 curveto

120.000000 164.000000 moveto
121.066671 162.933340 121.066671 162.933340 120.000000 164.000000 curveto

99.000000 165.000000 moveto
113.540856 160.486445 113.540856 160.486445 99.000000 165.000000 curveto

121.000000 166.000000 moveto
153.667218 179.202727 163.000552 200.202727 149.000000 229.000000 curveto
190.647248 191.675832 181.313914 170.675832 121.000000 166.000000 curveto

378.000000 166.000000 moveto
339.068661 206.577526 339.068661 206.577526 378.000000 166.000000 curveto

421.000000 168.000000 moveto
424.728389 218.338453 424.728389 218.338453 421.000000 168.000000 curveto

90.000000 176.000000 moveto
91.929835 164.350896 91.263169 153.350896 88.000000 143.000000 curveto
85.265142 190.954077 85.931808 201.954077 90.000000 176.000000 curveto

236.000000 176.000000 moveto
219.997840 194.956054 219.997840 194.956054 236.000000 176.000000 curveto

197.000000 178.000000 moveto
193.487816 148.636207 186.154483 148.636207 175.000000 178.000000 curveto
219.380898 274.416854 271.380898 275.416854 331.000000 181.000000 curveto
324.953112 159.046861 313.619779 142.380195 297.000000 131.000000 curveto
276.210821 186.167181 278.877488 214.833848 305.000000 217.000000 curveto
241.426144 262.240645 205.426144 249.240645 197.000000 178.000000 curveto

378.000000 179.000000 moveto
379.028617 176.942878 379.028617 176.942878 378.000000 179.000000 curveto

342.000000 180.000000 moveto
342.000014 178.989906 342.000014 178.989906 342.000000 180.000000 curveto

98.000000 181.000000 moveto
142.515952 210.040332 142.515952 210.040332 98.000000 181.000000 curveto

402.000000 182.000000 moveto
403.007041 176.965056 403.007041 176.965056 402.000000 182.000000 curveto

340.000000 184.000000 moveto
335.154579 190.162184 335.154579 190.162184 340.000000 184.000000 curveto

261.000000 185.000000 moveto
296.537115 197.397467 296.537115 197.397467 261.000000 185.000000 curveto

376.000000 186.000000 moveto
377.066682 184.933341 377.066682 184.933341 376.000000 186.000000 curveto

232.000000 194.000000 moveto
255.157663 193.948718 255.157663 193.948718 232.000000 194.000000 curveto

267.000000 194.000000 moveto
250.486841 214.535861 250.486841 214.535861 267.000000 194.000000 curveto

334.000000 195.000000 moveto
335.066680 193.933341 335.066680 193.933341 334.000000 195.000000 curveto

400.000000 195.000000 moveto
374.996375 185.303855 361.996375 204.303855 361.000000 252.000000 curveto
382.928008 241.928026 395.928008 222.928026 400.000000 195.000000 curveto

73.000000 197.000000 moveto
118.373703 234.610860 118.373703 234.610860 73.000000 197.000000 curveto

354.000000 202.000000 moveto
325.297469 223.260623 325.297469 223.260623 354.000000 202.000000 curveto

240.000000 207.000000 moveto
218.331831 233.368500 218.331831 233.368500 240.000000 207.000000 curveto

265.000000 211.000000 moveto
292.046644 218.174737 292.046644 218.174737 265.000000 211.000000 curveto

214.000000 212.000000 moveto
200.638604 218.930789 200.638604 218.930789 214.000000 212.000000 curveto

108.000000 216.000000 moveto
150.571203 246.245202 150.571203 246.245202 108.000000 216.000000 curveto

60.000000 218.000000 moveto
73.261076 259.986276 76.261076 247.652942 69.000000 181.000000 curveto
62.237355 189.570694 59.237355 201.904028 60.000000 218.000000 curveto

238.000000 222.000000 moveto
270.166287 233.019086 270.166287 233.019086 238.000000 222.000000 curveto

411.000000 224.000000 moveto
386.012550 246.535318 386.012550 246.535318 411.000000 224.000000 curveto

431.000000 225.000000 moveto
403.893159 263.813095 403.893159 263.813095 431.000000 225.000000 curveto

91.000000 233.000000 moveto
136.288860 266.024097 136.288860 266.024097 91.000000 233.000000 curveto

247.000000 236.000000 moveto
233.330174 241.577017 233.330174 241.577017 247.000000 236.000000 curveto

75.000000 245.000000 moveto
107.203033 262.223876 107.203033 262.223876 75.000000 245.000000 curveto

122.000000 245.000000 moveto
124.285722 244.746046 124.285722 244.746046 122.000000 245.000000 curveto

302.000000 253.000000 moveto
315.614404 251.052308 323.281071 255.052308 325.000000 265.000000 curveto
245.727827 293.332237 260.061160 306.332237 368.000000 304.000000 curveto
352.136002 229.291909 310.469336 215.291909 243.000000 262.000000 curveto
261.103934 266.288650 280.770601 263.288650 302.000000 253.000000 curveto

76.000000 256.000000 moveto
77.066670 254.933343 77.066670 254.933343 76.000000 256.000000 curveto

70.000000 258.000000 moveto
96.929950 294.130430 96.929950 294.130430 70.000000 258.000000 curveto

174.000000 261.000000 moveto
213.833631 272.251508 248.166965 278.584841 277.000000 280.000000 curveto
180.662903 218.647793 139.329570 231.647793 153.000000 319.000000 curveto
177.798525 315.798518 196.131858 306.131851 208.000000 290.000000 curveto
173.121079 287.731996 161.787746 278.065330 174.000000 261.000000 curveto

379.000000 264.000000 moveto
411.669187 279.292203 410.335854 272.958870 375.000000 245.000000 curveto
366.053672 295.657330 367.387005 301.990663 379.000000 264.000000 curveto

239.000000 282.000000 moveto
124.688138 378.532004 124.354804 431.198670 238.000000 440.000000 curveto
205.102415 404.505806 209.102415 398.505806 250.000000 422.000000 curveto
228.371922 386.636690 228.371922 353.303356 250.000000 322.000000 curveto
196.817236 362.113530 193.150569 348.780197 239.000000 282.000000 curveto

119.000000 288.000000 moveto
147.638925 322.550425 147.305591 316.217092 118.000000 269.000000 curveto
93.322851 304.206159 93.656185 310.539493 119.000000 288.000000 curveto

290.000000 302.000000 moveto
319.855462 357.412894 299.522129 356.412894 229.000000 299.000000 curveto
275.048349 327.180798 283.715015 365.514131 255.000000 414.000000 curveto
290.771380 396.618405 298.104713 409.951738 277.000000 454.000000 curveto
367.901293 428.280833 372.234626 377.614166 290.000000 302.000000 curveto

274.000000 372.000000 moveto
246.233869 319.485211 237.567203 332.818544 248.000000 412.000000 curveto
258.879273 400.879262 267.545940 387.545928 274.000000 372.000000 curveto

348.000000 395.000000 moveto
446.621840 435.697011 446.621840 435.697011 348.000000 395.000000 curveto

135.000000 398.000000 moveto
62.934873 410.427518 62.934873 410.427518 135.000000 398.000000 curveto

345.000000 399.000000 moveto
432.644446 452.357315 432.644446 452.357315 345.000000 399.000000 curveto

155.000000 401.000000 moveto
158.116532 413.658513 158.116532 413.658513 155.000000 401.000000 curveto

141.000000 402.000000 moveto
68.724804 429.576080 68.724804 429.576080 141.000000 402.000000 curveto

338.000000 406.000000 moveto
340.209248 418.296951 340.209248 418.296951 338.000000 406.000000 curveto

280.000000 407.000000 moveto
256.411125 418.416330 256.411125 418.416330 280.000000 407.000000 curveto

143.000000 409.000000 moveto
171.579573 405.307373 171.579573 405.307373 143.000000 409.000000 curveto

211.000000 410.000000 moveto
242.195029 418.873360 242.195029 418.873360 211.000000 410.000000 curveto

325.000000 415.000000 moveto
351.650450 411.166358 351.650450 411.166358 325.000000 415.000000 curveto

254.000000 416.000000 moveto
255.028602 413.942907 255.028602 413.942907 254.000000 416.000000 curveto

194.000000 425.000000 moveto
199.914775 426.904736 199.914775 426.904736 194.000000 425.000000 curveto

230.000000 427.000000 moveto
277.020342 432.983509 277.020342 432.983509 230.000000 427.000000 curveto

211.000000 435.000000 moveto
167.274432 458.828405 167.274432 458.828405 211.000000 435.000000 curveto

258.000000 440.000000 moveto
207.339413 462.553699 207.339413 462.553699 258.000000 440.000000 curveto

159.000000 445.000000 moveto
153.756881 478.746695 167.423548 478.746695 200.000000 445.000000 curveto
173.628535 477.354109 159.961868 477.354109 159.000000 445.000000 curveto

205.000000 445.000000 moveto
223.913414 446.182051 223.913414 446.182051 205.000000 445.000000 curveto

290.000000 445.000000 moveto
290.661128 455.686391 275.994461 458.686391 246.000000 454.000000 curveto
298.007547 463.079462 312.674214 460.079462 290.000000 445.000000 curveto

325.000000 446.000000 moveto
309.550624 476.408963 309.550624 476.408963 325.000000 446.000000 curveto

259.000000 447.000000 moveto
275.005484 445.332754 275.005484 445.332754 259.000000 447.000000 curveto

292.000000 452.000000 moveto
288.988256 451.247090 288.988256 451.247090 292.000000 452.000000 curveto
fill
showpage